0
49320
46117
43541
43534
43341
42069
42816
44979
49683
52474
47871
51380
58249
64708
72527
81608
91742
100507
112137
122266
117303
127386
139094
153400
170476
184799
200090
216412
232931
252405
245934
262917
285892
307219
328476
343350
360790
378386
396888
415633
400163
416297
430984
448171
466427
481222
493343
506920
527335
553957
537250
549092
560896
573493
586141
591181
587999
591563
601592
610635
583614
589700
602669
612466
621894
625208
625762
628749
638644
647860
617783
617651
617608
621491
622306
618387
610499
608450
613810
621397
590108
590265
589684
589207
592420
586485
583047
581495
583299
583726
560481
559624
555753
553498
554763
552710
550761
547911
548837
548343
522666
522528
525035
529043
531330
530023
523798
518402
516611
510435
488495
486409
485608
485777
486935
487993
483287
479746
481413
480620
463507
462996
462011
459568
457764
455703
448114
443563
442313
441110
425781
426992
427044
424046
421685
420554
414219
409246
406997
404554
391176
388806
387322
385304
381844
381270
375861
372544
370544
369597
356365
355322
351168
350090
347399
344533
340987
337989
335242
333504
323154
321800
319268
317461
316129
317395
314422
310299
307271
305594
297157
293639
292226
289102
289161
286928
283985
281308
278893
277221
268993
267713
267526
266948
263425
262270
261038
258405
255413
253774
246428
245902
244037
243415
241395
239984
238374
235677
232887
231375
223897
222083
220273
219406
216783
216457
215685
213480
210690
209450
205934
204932
203629
202731
202119
200973
200889
197579
196037
194457
191115
189482
189572
187841
186380
185486
184010
181983
180529
175837
175919
173526
173483
172291
171754
171558
169714
168797
166924
166289
163402
163027
162228
161643
161506
160812
160117
158762
157131
156598
152935
153559
152207
151019
150624
149594
148534
147567
145792
145224
141691
140979
140020
139486
138950
139535
138811
137678
136636
135791
132985
131993
131866
129894
130029
129712
128351
127724
126493
124837
123472
122819
122248
121734
120470
120079
120064
118378
117989
117246
115322
114428
113803
113139
113019
112244
111738
110220
109663
109773
107432
107429
106973
106984
106224
105418
104422
103353
102480
101640
100419
100194
99692
99064
98506
98392
97431
96363
96474
95328
94328
93425
93932
93280
92490
91857
91558
90896
89350
89147
87718
86607
86157
86438
86343
84943
84640
84543
84584
84534
83044
83440
82710
83029
82638
82151
81384
81489
81016
80637
79458
79461
78808
79036
77956
77391
76860
76877
76492
75514
73975
73435
72494
72479
72536
72112
71627
71159
70249
70462
69645
68880
69103
68658
67741
67297
67195
66712
66825
66247
65486
65617
66103
66124
65793
65605
64471
64593
64109
63443
63233
63301
62626
61745
61110
60508
59728
59647
58890
59052
57957
57707
57343
57812
57171
56326
55828
55243
55092
54437
53885
53738
53629
53166
52841
52511
52433
51700
51938
51253
50574
50040
49458
49577
48818
48865
48831
48200
47891
47621
46644
46488
46356
46124
46333
46084
45475
45083
45070
44755
43844
43366
42521
42599
42133
42102
41611
41284
41302
40874
40085
39651
39600
39447
39099
39078
38150
37765
37969
37686
37049
37491
36816
37023
37282
37160
36965
36778
36703
36275
36560
36242
35469
35286
35123
34688
35231
34785
34532
33841
33625
33547
32641
32748
32835
32852
32199
32170
31745
31211
31348
31373
31179
30739
30704
30422
30389
29957
30172
30055
30005
29882
29698
29684
29477
29194
29310
29204
29435
29183
29488
29339
29292
28754
28451
28618
28218
28363
28129
28245
28587
28850
28966
28284
28376
28612
29164
29382
30020
30295
30297
29723
30016
29954
30387
30190
30360
30507
30771
30795
31417
31419
31003
30918
30636
30297
30909
30776
30413
31141
30906
31036
30937
30644
30405
30313
30286
30854
30325
30625
30263
30585
30690
30182
30692
30629
31313
31455
31959
31856
31950
32067
32174
32160
31800
32112
32138
32082
31758
31541
31808
31745
31407
31150
31782
31315
31352
30722
30525
30016
30226
30425
30469
30370
30874
30584
30198
29859
29465
29263
29730
29569
29227
29574
29621
29336
29972
29491
29225
28452
28400
28174
28017
27547
27189
26805
26578
26101
25646
25086
24921
24732
24722
25272
25259
24799
24200
23941
23756
23890
23611
23738
23589
22958
23111
22684
22751
22382
22000
21443
21866
21391
21318
21264
21510
22156
21979
22107
21813
21443
21072
20567
20219
20025
20042
19966
19416
18844
18330
18038
18070
17840
17541
17040
17026
16580
16299
16204
15985
15924
15557
15287
15270
14968
14720
14879
14547
14543
14689
14573
14527
14504
14365
14538
14174
14030
14103
13720
13744
13621
13390
13229
13161
13065
12728
12574
12346
12567
12508
12471
12254
12132
12102
11642
11710
11243
11436
11272
11148
11111
11077
11156
11018
10545
10650
10511
10320
10326
10087
10089
10184
9959
10069
9934
10024
10172
10159
10352
10299
10139
10076
9997
9807
9599
9538
9473
9531
9447
9394
9539
9700
9331
9367
9514
9397
9175
8996
9265
9353
9343
9129
8971
8965
8873
8667
8865
8779
8767
8903
8735
8791
8857
8704
8682
8762
8715
8887
8577
8859
8794
8811
8671
8629
8486
8550
8482
8674
8421
8224
8040
7933
8117
7833
8017
7989
7937
7677
7270
7196
7378
7455
7366
7327
7473
7160
7343
7302
7349
7293
7247
7260
7251
7200
7181
7131
7318
7747
7511
7284
7320
6952
6985
7156
7343
7142
7409
7337
7298
7249
7325
7137
7231
6946
6993
7044
7111
7262
7648
7683
7761
7461
7544
7483
7325
7673
7809
7918
7919
7977
7841
8009
7711
7797
7754
7839
7699
7531
7535
7834
7900
7969
8047
7974
8054
7995
7912
8106
8077
8142
8092
7841
7573
7415
7475
7546
7413
7592
7528
7637
7601
7434
7390
7440
7382
7409
7191
6934
6889
6726
6472
6642
6507
6583
6475
6343
6494
6162
6256
6176
6431
6261
6130
5966
5983
5710
5891
5820
5767
5684
5461
5217
5166
5086
5072
4724
4776
4710
4760
4720
4725
4863
4768
4719
4656
4546
4745
4618
4653
4672
4715
4601
4558
4553
4364
4425
4387
4360
4510
4391
4422
4563
4279
4610
4544
4462
4471
4428
4618
4533
4314
4426
4431
4504
4609
4506
4550
4615
4797
4971
5079
4822
4706
4582
4600
4667
4743
4807
4964
4781
4816
4790
4737
4527
4648
4792
4781
4504
4548
4598
4428
4615
4413
4527
4582
4546
4656
4447
4683
5350
5776
5419
5491
5461
4964
4600
4570
4445
4165
4032
4271
4256
4250
4282
4206
4183
4146
4270
4148
4126
4080
4237
4216
4050
4005
4125
4283
4358
4399
4351
4093
4170
4302
4518
4630
4417
4034
4091
3942
3950
3928
3804
3830
3932
3913
4029
3904
3854
3921
3904
3839
3868
3839
3807
3758
3770
3923
3931
3904
3972
4185
3912
3873
3823
3841
3819
3692
3700
3698
3677
3761
3748
3741
3772
3741
3695
3645
3561
3529
3581
3746
3798
3809
3828
3745
3870
3743
3806
3801
3723
3721
3567
3412
3540
3623
3715
3672
3621
3650
3711
3676
3671
3668
3502
3641
3582
3591
3571
3548
3631
3869
3729
3853
3800
3882
3633
3664
3575
3639
3565
3566
3725
3687
3692
3932
3897
3897
3889
3804
3765
3673
3517
3670
3541
3517
3559
3629
3569
3613
3780
3777
3922
3719
3631
3666
3685
3560
3699
3630
3778
3932
3919
3858
3799
3790
3779
3766
3814
3971
3878
3828
3875
3914
3743
3907
4013
3989
3969
4016
4140
4051
3903
3856
3675
3727
3928
3746
3813
3626
3647
3718
3967
3937
3971
3900
3881
3892
3834
3866
3791
3747
3683
3670
3831
4020
3948
4253
4590
4665
4746
4575
4478
4512
4368
4591
4638
4905
5188
5193
5273
5241
5552
5607
5745
5689
5676
5644
5842
5841
6089
6426
6733
7000
6984
7128
7040
7202
7428
7307
7429
7593
7831
8111
8122
8325
8772
8927
9314
9347
9411
9356
9299
9562
9586
9708
9778
10048
10194
10615
11018
11436
11242
11199
11410
11391
11393
11339
11225
11136
11187
11015
11298
11654
11699
11768
11967
11899
12122
12031
12222
12150
12225
12513
12602
12721
12745
12902
13018
12871
12667
12348
11829
11712
11722
11903
12188
12561
12785
12875
12993
12902
12862
12606
12697
12401
12366
12512
12653
12641
12473
12299
12561
12245
12556
12460
12436
12590
12215
12151
11993
11580
11849
11761
11800
12113
11694
11707
11843
11556
11559
11077
10813
10671
10555
10056
9947
9890
10142
10251
10489
10308
10442
10104
10041
10112
9780
9480
8926
8684
8447
8437
8371
8432
8561
8510
8469
8481
8548
8604
8348
8217
7956
7627
7184
7264
7186
6743
6589
6323
6157
5978
5935
5841
5858
5834
5666
5479
5274
5019
4897
4818
4568
4656
4453
4291
4364
4134
3974
3924
3868
3991
4146
3941
3970
3795
3821
3753
3669
3576
3378
3458
3285
3257
3264
3270
3175
3085
3016
2932
2999
2963
3002
2950
2977
2985
2873
2998
3015
2924
2795
2842
2848
2710
2557
2515
2435
2410
2383
2393
2435
2420
2519
2491
2578
2392
2449
2414
2305
2345
2290
2132
2205
2156
2052
2041
1981
1925
1926
1931
1964
1834
1832
1963
1886
1799
1704
1716
1705
1688
1618
1582
1585
1525
1508
1497
1415
1421
1378
1376
1309
1272
1400
1346
1300
1250
1207
1061
1117
1025
1093
1030
1006
970
951
931
918
957
862
957
869
868
804
821
755
746
738
803
728
765
740
712
730
679
679
651
623
668
594
547
554
556
546
500
556
526
547
522
463
520
474
471
503
448
467
420
464
420
460
448
445
391
390
386
363
356
354
352
348
377
374
350
336
357
346
369
358
322
330
312
322
340
305
322
311
368
343
313
303
280
296
302
259
285
283
320
311
287
313
290
268
283
277
279
248
259
274
253
270
242
242
246
259
242
258
252
229
247
226
237
264
219
225
237
233
231
239
236
274
245
259
284
266
267
254
221
242
226
228
240
224
248
248
245
221
225
237
243
284
228
255
242
213
251
223
242
244
236
258
192
255
258
251
231
221
222
228
222
223
237
196
240
218
231
190
222
241
233
249
216
240
251
218
226
234
242
269
221
229
227
245
218
217
242
225
220
207
228
209
249
204
237
244
215
209
247
219
210
237
221
207
246
236
224
216
214
224
225
236
206
226
194
205
193
208
204
192
196
174
170
222
189
204
191
199
236
211
192
219
226
252
215
216
204
159
163
193
163
155
179
216
175
173
127
161
139
167
185
163
128
154
139
174
162
143
164
172
165
170
174
121
170
167
152
157
144
170
124
152
153
165
149
140
139
169
147
129
155
122
119
116
143
134
138
120
108
106
115
113
96
101
84
94
95
96
97
93
103
103
112
102
106
99
97
103
109
83
93
82
99
100
113
115
106
113
113
96
100
110
106
103
102
93
96
92
93
91
72
94
90
93
87
84
75
98
93
86
75
78
86
80
97
91
88
111
109
91
77
103
98
102
99
107
107
105
93
79
116
85
97
102
101
81
101
92
78
89
81
78
80
83
81
87
78
72
78
81
90
96
93
87
73
67
78
96
79
90
78
63
85
85
67
54
74
56
65
56
73
57
71
64
57
61
55
63
46
85
58
55
69
61
54
48
57
62
58
61
76
50
57
58
62
40
50
51
59
47
54
76
57
64
59
51
66
49
69
58
50
55
51
57
42
59
61
44
44
55
71
58
55
60
51
60
55
44
60
56
55
61
38
50
51
46
38
50
47
50
49
55
58
49
44
53
39
48
45
41
36
42
37
59
44
49
38
50
41
43
53
57
50
48
49
54
43
47
52
41
45
48
43
37
40
48
50
34
47
35
49
45
48
27
52
45
42
39
44
47
50
35
35
42
35
34
46
47
38
39
36
32
43
41
37
47
38
33
37
36
37
37
33
31
36
37
40
36
43
26
40
35
40
37
44
41
38
46
35
33
50
36
48
55
42
34
33
37
48
38
27
39
37
32
37
42
35
49
34
35
34
38
28
37
30
26
41
39
35
30
43
34
38
25
46
40
36
37
43
39
43
53
58
46
40
55
52
54
47
42
45
39
45
35
32
31
44
45
44
44
38
42
45
50
51
53
49
30
54
43
49
56
44
40
42
25
56
35
49
42
22
26
37
45
44
48
57
51
55
48
59
35
36
41
44
39
45
31
27
51
49
40
53
53
28
47
33
32
44
34
29
39
37
32
35
34
34
43
29
34
39
28
34
28
39
22
21
22
23
32
25
32
27
22
28
31
25
35
30
27
25
13
20
25
25
34
28
30
27
25
24
29
12
16
36
19
16
17
27
23
22
23
12
26
25
26
20
33
16
18
14
18
12
17
15
21
25
20
21
16
23
20
25
24
19
18
36
22
21
21
21
20
19
26
15
17
17
19
13
21
15
18
16
12
21
18
17
26
16
17
25
16
16
17
15
26
20
14
22
17
22
17
20
20
18
14
25
23
13
26
18
26
24
18
16
13
20
14
18
25
20
17
14
19
11
11
21
22
14
9
16
15
15
19
15
20
15
15
11
11
9
22
7
10
17
12
25
13
14
21
14
21
12
17
14
14
11
22
17
16
14
13
16
22
17
15
19
13
9
17
17
22
19
20
13
23
12
12
17
22
22
11
22
17
16
17
20
17
12
11
15
24
23
15
15
22
14
21
16
15
23
15
12
19
13
17
26
9
13
11
11
13
11
10
11
15
12
17
14
19
16
16
20
21
12
21
23
19
18
14
17
13
15
20
13
13
15
13
14
10
18
16
21
5
11
15
18
16
19
14
15
17
16
3
17
11
13
15
12
19
15
13
12
14
11
15
11
26
15
12
8
13
11
15
10
16
9
13
16
7
7
15
14
20
12
16
6
11
10
4
13
14
10
8
15
14
15
18
9
14
15
12
13
11
7
12
8
10
19
13
18
17
13
15
16
15
10
17
22
10
16
11
9
13
14
15
6
10
8
15
10
10
8
10
10
9
13
10
9
9
11
14
9
13
7
7
11
8
6
12
14
7
11
18
6
9
8
12
10
10
7
11
12
6
13
10
12
8
9
7
13
6
9
9
6
17
6
9
12
13
13
3
11
14
11
11
16
13
7
13
6
9
15
15
14
11
10
10
14
8
10
6
6
8
10
8
11
9
8
10
7
8
14
10
8
7
12
9
9
9
9
7
9
6
11
7
6
11
9
8
10
13
12
14
12
11
10
13
8
13
8
9
11
16
16
8
11
9
8
10
8
10
10
11
8
13
11
14
11
6
14
19
6
9
11
9
12
6
14
15
13
9
14
16
14
17
5
9
9
11
10
9
11
10
15
13
14
9
8
13
13
11
7
12
4
10
7
6
14
13
7
10
8
6
16
11
4
7
9
9
15
5
8
3
7
12
5
7
11
10
9
6
8
6
7
19
8
12
16
8
11
10
10
8
6
14
10
10
14
6
6
14
12
19
13
12
12
10
9
11
7
8
11
13
9
12
6
13
14
13
11
6
6
7
11
8
8
10
2
11
7
9
8
12
8
15
5
10
8
5
13
10
8
7
7
12
10
7
6
6
11
8
8
7
10
7
2
9
3
8
7
10
9
7
7
5
8
7
7
9
4
7
4
3
7
8
5
3
3
5
6
1
8
13
7
4
9
12
2
2
4
2
7
6
7
4
6
6
6
6
6
3
7
5
6
3
3
6
3
5
7
9
4
5
8
12
9
2
15
1
6
11
7
3
4
3
2
6
5
3
6
7
9
4
1
4
8
7
7
7
13
12
3
7
3
4
6
6
6
8
6
8
6
12
5
5
3
3
11
5
3
7
5
7
5
5
7
9
1
4
4
4
5
6
9
8
7
8
2
8
4
8
5
4
9
5
4
4
9
5
11
2
5
3
9
7
8
6
14
13
5
8
4
10
5
6
11
6
5
7
9
4
6
6
8
4
5
7
5
9
6
5
6
4
7
7
9
4
11
6
6
5
6
10
4
9
5
7
7
8
5
7
4
7
4
7
3
4
4
3
6
9
9
8
5
4
7
6
7
5
16
10
5
7
7
2
9
5
2
7
7
9
2
5
4
2
6
7
3
5
8
7
6
7
4
3
6
6
8
2
5
11
8
5
7
2
10
2
2
9
9
10
2
6
6
3
5
5
1
3
6
5
2
5
4
4
2
8
3
3
2
3
5
4
5
12
6
8
3
4
3
9
4
6
6
2
5
8
5
3
11
6
7
4
6
7
3
6
6
3
3
6
5
6
6
2
5
7
6
4
7
7
4
6
2
3
2
7
4
6
6
8
6
5
8
6
5
6
7
3
1
4
2
3
2
3
7
2
4
4
8
2
6
4
1
4
3
8
5
3
2
6
4
3
5
4
7
3
3
4
5
3
6
6
5
3
2
4
4
1
2
6
3
7
4
5
4
8
4
7
3
7
5
4
5
11
4
2
4
5
6
5
4
5
8
5
2
9
2
3
7
3
6
6
4
6
6
6
5
3
3
4
2
6
5
1
1
2
1
4
2
6
5
4
2
1
2
5
3
1
4
3
5
4
4
2
5
3
4
6
4
8
2
3
2
1
7
2
3
3
1
2
2
4
4
2
4
2
0
5
4
3
4
5
2
5
2
3
2
1
3
1
4
2
4
3
4
0
4
3
2
2
2
4
6
2
4
3
5
2
4
2
2
0
1
1
1
5
3
3
3
1
7
2
2
8
1
4
2
4
3
2
3
2
2
2
3
1
1
4
2
2
3
2
1
1
4
2
1
3
1
0
4
3
1
2
2
1
2
3
3
2
1
1
6
4
3
0
3
3
0
2
5
3
2
1
2
3
0
1
1
5
1
1
4
1
1
7
1
2
1
6
3
1
4
0
0
2
3
6
2
3
0
1
2
0
1
3
2
2
0
3
1
1
0
1
2
2
3
3
0
1
0
5
0
3
3
0
1
1
1
3
3
2
3
1
2
1
0
0
1
1
2
1
2
2
0
1
0
5
1
1
2
0
1
2
3
6
0
3
1
2
2
0
1
2
1
1
2
5
1
4
1
0
2
5
1
4
1
0
3
1
1
1
4
1
2
1
6
1
4
0
3
2
4
2
1
3
2
0
1
2
0
0
3
4
6
1
2
5
2
3
2
5
2
6
0
3
2
0
4
3
3
3
4
4
2
0
2
0
0
2
3
0
1
3
2
2
3
0
2
3
1
0
2
3
1
1
2
0
2
2
0
2
0
3
1
0
3
0
4
1
2
3
2
2
1
3
3
5
1
1
2
1
1
0
5
6
2
1
0
2
2
1
0
3
0
1
4
2
1
0
2
3
1
3
2
3
2
3
3
2
1
3
1
2
3
1
1
1
5
3
5
2
1
2
1
1
2
2
3
1
4
1
3
2
0
4
1
4
2
1
3
3
4
1
6
1
1
1
2
4
6
2
5
0
2
1
2
2
2
3
2
2
1
2
3
0
1
0
2
3
6
3
2
1
2
1
2
0
1
2
2
1
1
0
3
2
4
2
2
1
0
1
0
0
2
3
4
1
0
0
0
3
0
1
2
1
2
1
2
0
0
0
0
4
1
1
1
1
2
1
0
4
0
3
0
0
3
1
1
1
2
3
1
3
3
4
0
1
2
2
2
3
2
0
0
3
2
0
1
3
0
2
3
2
4
1
3
3
3
1
2
3
1
2
3
0
4
2
4
0
2
1
2
1
2
2
0
3
4
1
1
2
2
2
0
1
0
0
1
2
5
3
2
2
4
1
2
1
1
2
2
5
7
2
4
3
2
4
1
2
3
0
2
1
0
0
2
3
1
1
5
4
3
2
1
0
0
1
0
1
0
2
1
1
1
2
3
4
1
2
2
3
1
4
1
1
1
0
4
4
1
3
1
0
4
2
0
4
2
3
1
1
0
2
2
1
1
3
2
0
1
2
0
0
1
1
2
2
1
0
1
2
2
0
1
1
0
3
1
1
3
2
3
1
2
1
1
2
0
1
1
2
3
3
0
0
0
0
1
2
1
0
0
1
0
0
2
1
0
1
2
0
0
1
3
3
1
2
3
1
0
0
7
4
0
3
2
3
1
1
1
0
1
1
1
0
2
0
0
0
1
0
2
2
1
1
0
0
0
0
0
1
3
1
0
2
1
2
2
0
1
2
4
0
1
0
0
0
3
3
2
2
1
2
1
3
1
1
2
2
0
1
0
0
3
1
2
0
1
1
1
0
1
3
0
0
3
0
4
1
0
3
3
1
3
4
3
0
0
0
0
1
2
0
3
0
1
0
5
2
0
2
2
2
1
2
1
2
2
0
3
1
3
2
5
0
2
1
2
3
2
3
0
0
2
1
0
2
2
2
3
1
1
2
1
2
0
2
3
1
1
1
1
0
1
0
4
1
0
1
4
0
0
1
4
1
2
2
1
1
1
0
3
2
1
2
2
3
3
0
0
1
0
3
0
0
0
2
1
1
0
0
0
0
0
1
0
0
3
1
1
1
0
2
0
0
0
2
0
1
2
0
0
3
0
0
1
1
0
2
0
0
0
0
0
2
2
0
1
0
0
2
1
1
2
1
1
0
1
1
0
0
0
0
1
1
1
1
0
0
2
0
3
1
1
1
0
1
0
0
1
0
2
2
0
1
0
0
3
1
0
0
1
0
0
0
0
1
2
1
1
1
0
0
0
1
1
0
0
4
1
1
0
0
1
2
1
0
0
1
1
1
1
0
1
2
1
4
0
0
1
0
0
1
0
0
0
0
2
1
0
2
0
0
1
1
0
1
0
1
1
0
1
2
2
1
1
0
0
0
0
1
0
0
3
0
0
0
1
1
1
0
2
1
1
1
0
2
0
2
0
2
0
0
2
2
1
0
0
1
1
1
0
1
0
0
0
0
1
1
0
0
1
0
0
1
0
1
1
0
1
1
0
0
0
1
0
0
0
0
1
1
0
0
1
0
1
1
1
1
1
0
0
2
0
0
1
0
0
0
0
0
1
1
0
0
0
0
1
0
0
2
0
1
0
2
1
0
2
2
2
0
0
0
0
1
1
0
1
0
0
0
0
0
0
3
1
1
1
1
1
0
2
0
0
1
0
0
0
1
1
0
0
0
0
0
1
1
0
0
2
1
0
0
1
0
3
0
1
1
1
0
0
1
1
0
0
2
0
0
1
1
0
0
0
0
0
1
1
1
0
1
0
1
0
1
0
2
2
1
1
0
0
0
0
0
0
0
0
1
0
0
0
0
1
2
0
0
0
1
0
1
0
0
1
0
1
0
0
1
0
0
0
0
1
1
0
0
1
1
0
0
0
0
0
0
0
1
0
0
0
0
0
0
0
0
0
0
0
1
0
0
1
0
0
2
0
1
1
0
1
1
0
0
1
1
0
0
0
0
0
1
1
0
0
0
0
4
0
0
0
0
1
0
0
0
0
0
0
1
0
0
1
1
0
0
0
2
0
0
0
1
0
0
0
1
1
0
0
0
0
1
0
1
1
0
0
0
0
0
0
0
0
0
1
0
1
0
1
0
0
0
3
0
0
0
0
1
0
0
0
0
0
0
0
0
0
0
1
0
0
1
0
0
0
0
0
0
0
0
1
0
0
1
0
0
1
0
0
0
0
1
0
1
0
0
0
0
0
0
0
1
0
1
0
0
0
0
0
0
0
0
0
0
2
1
0
1
2
0
1
1
0
0
0
2
0
0
1
1
0
0
0
0
1
0
0
0
2
0
0
0
0
1
0
0
0
0
0
1
1
1
0
0
0
1
1
0
0
0
0
0
0
0
0
1
0
1
0
1
0
0
0
0
0
2
0
0
0
0
0
0
0
0
0
2
1
0
0
1
0
0
0
0
2
0
0
2
0
0
0
1
0
0
1
0
0
0
0
0
0
1
0
0
0
1
1
0
0
0
1
1
0
1
1
0
1
0
1
0
1
1
1
0
0
0
0
0
0
0
0
0
0
0
0
0
0
1
0
0
0
0
0
1
0
1
1
0
0
1
1
0
0
1
1
1
1
0
1
0
0
0
0
0
0
0
0
0
0
0
0
0
0
0
1
0
0
1
1
0
1
0
1
0
2
0
0
0
0
0
0
0
0
1
0
0
0
2
1
0
0
0
0
0
0
1
1
0
0
0
0
0
0
0
1
0
0
1
0
0
0
1
1
0
0
1
0
2
0
0
0
0
0
0
0
1
1
0
0
0
0
1
1
0
0
0
0
0
0
0
1
0
2
0
2
0
0
1
0
1
0
0
1
0
1
0
0
0
0
0
1
1
0
0
0
0
1
0
0
0
0
0
2
1
0
0
0
0
0
0
0
0
1
1
0
0
0
1
0
0
1
0
1
2
0
1
1
0
1
0
0
0
0
1
0
1
1
0
0
0
0
1
0
0
1
0
0
1
0
0
1
0
0
0
0
0
0
0
0
0
1
0
0
0
0
0
1
0
0
1
0
0
0
0
0
0
0
0
1
0
1
0
0
0
1
0
0
0
1
0
1
0
0
0
0
0
0
0
0
1
0
0
0
0
0
0
0
0
0
0
0
0
0
0
0
0
0
1
0
0
0
0
0
0
0
0
1
0
0
0
0
0
0
1
1
0
0
0
0
0
0
0
1
0
0
1
1
1
0
1
0
0
0
0
0
0
1
0
0
0
1
0
0
0
0
0
0
0
0
0
0
0
0
0
0
0
0
0
0
1
0
1
1
0
0
0
0
0
0
0
0
1
0
0
0
0
0
0
0
0
0
0
0
0
1
0
1
1
0
1
1
0
1
0
0
0
0
1
1
0
0
0
1
0
0
0
0
0
0
0
1
0
1
0
0
0
0
1
0
0
0
0
0
0
0
0
0
0
0
0
1
0
0
0
0
0
2
0
0
0
0
0
0
0
0
0
0
0
0
0
0
0
0
1
0
1
0
0
0
0
0
0
0
0
0
0
0
1
0
0
0
0
0
0
0
0
0
0
0
0
1
0
0
0
1
0
0
1
0
1
0
0
0
0
1
0
0
1
0
0
0
0
0
0
0
0
0
0
0
0
0
0
0
0
0
0
0
0
0
0
0
0
0
0
0
0
0
1
0
1
1
0
0
0
1
0
0
0
0
0
0
0
0
1
0
0
0
0
0
0
0
0
0
0
0
0
0
0
0
1
0
0
0
0
1
0
0
0
0
0
0
1
1
0
0
1
0
0
0
0
0
0
0
0
0
0
1
0
0
0
0
0
0
0
0
0
0
0
1
0
0
0
0
0
0
0
0
1
0
0
0
0
0
0
0
0
0
0
0
0
0
0
0
0
1
0
1
0
0
0
1
1
0
0
0
0
1
1
0
0
0
0
0
1
0
0
0
0
0
0
0
0
0
0
0
0
0
0
1
0
0
0
0
0
0
1
0
0
0
0
1
0
0
0
0
0
1
0
0
0
1
0
0
0
0
0
1
0
0
0
1
0
0
0
0
0
0
0
0
0
0
0
0
0
1
1
0
0
0
0
0
0
1
0
0
0
0
0
0
0
0
0
0
0
0
0
1
0
1
0
0
0
0
0
0
1
0
0
0
0
0
0
1
0
0
0
0
0
0
0
0
0
0
0
1
1
0
0
0
0
0
0
1
0
0
0
0
0
0
1
0
0
0
0
0
1
0
0
0
0
0
0
0
1
0
0
0
0
0
0
0
0
0
0
0
0
0
0
0
0
0
0
0
0
0
0
0
0
0
0
0
1
1
1
1
0
0
0
0
0
0
0
0
0
1
0
0
1
1
0
0
0
0
0
0
0
0
0
0
0
1
0
0
0
0
0
0
1
0
1
0
0
0
0
0
0
0
1
0
0
0
0
0
0
0
0
0
2
1
0
0
0
0
0
0
0
1
0
0
0
0
0
0
0
0
0
0
0
0
0
0
0
0
0
0
0
0
0
0
0
0
0
0
0
0
0
0
0
0
0
0
0
0
0
0
0
0
0
0
0
1
0
0
0
0
0
0
0
0
0
0
0
0
0
0
0
0
0
0
0
0
0
0
0
0
0
0
0
0
1
0
0
0
0
0
0
0
0
0
1
0
0
0
0
0
0
0
0
0
0
0
0
0
0
0
0
0
0
0
0
0
0
0
0
0
0
0
0
0
0
0
0
0
1
0
0
0
0
0
0
0
0
0
0
0
1
0
0
0
0
0
0
0
0
0
0
0
0
0
0
0
0
0
0
0
0
0
0
0
0
1
0
0
0
0
0
0
0
0
0
0
0
0
0
0
0
0
1
0
1
0
0
0
0
1
0
0
0
0
0
0
1
0
0
0
0
0
0
0
0
0
1
0
0
0
0
0
0
0
0
0
0
0
0
0
0
0
0
0
1
0
0
0
1
0
0
0
0
0
0
0
0
0
0
0
0
0
0
0
0
0
0
0
0
0
0
0
0
0
0
0
0
0
0
0
0
0
0
0
0
0
0
0
0
0
0
0
0
0
0
0
0
0
0
0
0
0
0
0
0
0
1
0
0
0
0
0
0
0
0
0
0
0
0
0
0
0
0
0
0
0
0
0
0
0
0
1
0
0
0
0
0
0
1
1
0
0
0
0
0
0
0
0
0
0
0
0
0
0
0
0
0
0
0
0
0
0
1
0
0
0
0
0
0
0
0
0
0
0
0
0
0
1
0
1
0
0
0
0
1
0
0
0
0
0
0
0
0
0
0
0
0
0
0
0
0
0
0
0
0
0
0
0
0
0
0
0
0
0
0
0
0
0
0
0
0
0
0
1
1
0
0
0
0
0
0
0
0
0
0
0
0
0
0
0
0
0
0
0
0
0
0
0
0
0
1
1
0
0
0
0
0
0
0
0
0
0
0
0
0
0
0
0
0
0
0
0
0
0
0
0
0
0
0
0
0
0
0
0
0
1
0
0
0
0
0
0
0
0
1
0
0
0
0
0
0
0
0
0
0
0
0
0
0
0
0
0
0
0
0
0
1
0
0
0
0
0
0
0
0
0
0
0
0
0
0
0
0
0
0
0
0
0
0
0
0
0
0
0
0
0
0
0
0
0
0
0
0
0
0
0
0
0
0
0
0
0
0
0
0
0
0
0
0
0
0
0
0
0
0
0
0
0
0
0
0
0
0
0
0
0
0
0
0
1
0
0
0
0
0
0
1
0
0
0
0
0
0
0
0
0
0
0
0
0
0
0
0
0
0
0
0
0
0
0
0
0
0
0
0
0
0
0
0
0
0
0
0
0
0
0
0
0
0
0
0
0
0
0
0
0
0
0
0
0
0
0
0
0
0
0
0
0
0
0
0
0
1
0
0
0
0
0
0
0
0
0
0
0
0
0
1
0
0
0
0
0
0
1
2
0
1
0
0
0
0
0
0
0
0
0
0
0
0
0
0
0
0
0
0
0
0
0
0
0
0
0
0
0
0
0
0
0
0
0
0
0
0
0
0
0
0
1
0
0
0
0
0
0
0
0
0
0
0
1
0
0
0
0
0
0
1
0
0
0
0
0
0
0
0
0
0
0
0
0
0
0
0
0
0
0
0
0
0
0
0
0
0
0
0
0
0
0
0
0
0
0
1
0
0
1
0
0
0
0
0
0
0
0
0
0
0
0
0
0
0
0
0
0
0
0
0
0
0
0
0
0
0
0
0
0
0
0
0
0
0
1
0
0
0
0
0
0
0
0
0
0
0
0
0
0
0
0
0
0
0
0
0
0
0
0
0
0
0
0
0
0
0
0
0
0
0
0
0
0
0
0
0
0
0
0
0
0
0
0
0
0
0
0
0
0
0
0
0
1
1
0
1
2
0
0
0
0
0
0
0
0
0
0
0
0
0
0
0
0
0
0
0
0
0
1
0
1
0
0
0
0
0
0
0
0
0
0
0
0
0
1
0
0
0
0
0
0
0
0
0
0
0
0
0
0
0
0
0
0
0
0
0
0
0
1
0
0
0
0
0
0
0
0
0
0
0
0
0
0
0
0
0
0
0
0
0
0
0
0
0
0
0
0
0
0
0
0
0
0
0
0
0
0
0
0
0
0
0
0
0
0
1
0
0
0
0
0
0
0
0
0
0
0
0
0
0
0
0
0
0
0
0
0
0
0
0
0
1
0
0
0
0
0
0
0
0
0
0
0
0
1
0
0
0
0
0
0
0
0
0
0
0
0
0
0
0
0
0
0
0
0
0
0
0
1
0
0
0
0
0
0
0
0
0
0
0
0
0
0
0
0
0
1
0
0
0
0
0
0
0
1
0
0
0
1
0
0
0
0
0
0
0
0
0
0
0
0
0
0
0
0
0
0
0
0
0
0
0
0
0
0
0
0
0
0
0
0
0
0
0
0
0
0
0
0
0
0
0
0
0
0
0
0
0
0
0
0
0
0
0
0
0
0
0
0
0
0
0
0
0
0
0
0
0
0
0
0
0
0
0
0
0
0
0
0
0
0
0
0
0
0
0
0
0
0
0
0
0
0
0
0
0
0
0
0
0
0
0
0
0
0
1
0
0
0
0
0
0
0
0
0
0
0
0
0
0
0
0
0
0
0
0
0
0
0
1
0
0
0
0
0
1
0
0
0
0
0
1
0
0
0
0
0
0
0
0
0
0
0
1
0
0
0
0
0
0
1
0
0
0
0
0
0
0
0
0
1
0
0
0
0
0
0
0
0
0
0
0
0
0
0
0
1
0
0
0
0
0
0
0
0
0
0
0
0
0
0
0
0
0
0
0
0
0
0
0
0
0
0
0
1
0
0
0
0
0
0
0
0
0
0
0
0
0
0
0
0
0
0
0
0
0
0
0
0
0
0
0
0
0
0
0
0
0
0
0
0
1
0
1
0
0
0
0
0
0
0
1
0
1
0
0
0
0
0
0
0
0
0
0
0
0
0
0
0
0
0
0
0
0
0
0
0
0
0
0
0
0
0
0
0
0
0
0
0
0
0
0
0
0
0
0
0
0
0
0
0
0
0
0
0
0
0
0
0
0
0
0
0
0
0
0
0
0
0
0
0
0
0
0
0
0
0
0
0
0
0
0
0
0
0
0
0
0
0
0
0
0
0
0
0
0
0
0
0
0
0
0
0
0
0
0
0
0
0
0
0
0
0
0
0
0
0
0
0
0
0
0
0
0
0
0
1
1
0
0
0
0
0
0
0
0
0
0
0
0
0
0
0
0
0
0
0
0
0
0
0
0
0
0
0
0
0
0
0
0
0
0
0
0
0
0
0
0
0
0
0
1
0
0
0
0
0
0
0
0
0
0
0
0
0
0
0
0
0
0
0
0
0
0
0
0
0
0
0
0
0
0
0
0
0
1
0
0
0
0
0
0
0
0
0
0
0
0
0
0
0
0
0
0
0
0
0
0
0
0
0
0
0
0
0
0
0
0
0
0
0
0
0
0
0
1
1
0
0
0
0
0
0
0
1
0
0
0
0
0
0
0
0
0
0
0
0
0
0
0
0
0
0
0
0
0
0
0
0
0
0
0
0
0
0
0
0
0
0
0
0
0
0
0
0
0
0
0
0
0
0
0
0
0
0
0
0
0
0
0
0
0
0
0
0
0
0
1
0
0
0
0
0
0
0
0
0
0
0
0
0
0
0
0
0
0
0
0
0
0
0
0
0
0
0
0
0
0
0
0
0
0
0
0
0
0
0
0
0
0
0
0
0
0
0
0
0
0
0
0
0
0
0
0
0
0
0
0
0
0
0
0
0
0
0
0
0
0
0
0
0
0
0
0
0
0
0
0
0
0
0
0
0
0
0
0
0
0
0
0
0
0
0
0
0
0
0
0
0
0
0
0
0
0
0
0
0
0
1
0
0
0
0
0
0
0
0
0
0
0
0
0
0
0
0
0
0
0
0
0
0
0
0
0
0
0
0
0
0
0
0
0
0
0
0
0
0
0
0
0
0
0
0
0
0
0
0
0
0
0
0
0
0
0
0
0
0
0
0
0
0
0
0
0
0
0
0
0
0
0
0
0
0
0
0
1
0
0
0
0
0
0
0
0
0
1
0
0
0
0
0
0
0
0
0
0
0
0
0
0
0
0
0
0
0
0
0
0
0
0
0
0
1
0
0
0
0
0
0
0
0
0
0
0
0
0
0
0
0
0
0
1
0
0
0
0
0
0
0
0
0
0
1
0
0
0
0
0
0
0
0
0
0
0
0
0
0
0
0
0
0
0
0
0
0
0
0
0
0
0
0
0
0
0
0
0
0
0
0
0
0
0
0
0
0
0
0
0
0
0
0
0
0
0
0
0
0
0
0
0
0
0
0
0
0
0
0
0
0
0
0
1
0
0
0
0
0
0
0
0
0
0
0
0
0
0
0
0
0
0
0
0
0
0
0
0
0
0
0
0
0
0
0
0
0
0
0
0
0
0
0
0
0
0
0
0
0
0
0
0
0
0
0
0
0
0
0
0
0
0
0
0
0
0
0
0
0
0
0
0
0
0
0
0
0
0
0
0
0
0
0
0
0
0
0
0
0
0
0
0
0
0
0
0
0
0
0
0
0
1
0
0
0
0
0
0
0
0
0
0
0
0
0
0
0
0
0
0
0
0
0
0
0
0
1
0
0
0
0
0
0
0
0
0
0
0
0
0
0
0
0
0
0
0
0
0
0
0
0
0
0
0
0
0
0
0
0
0
0
0
0
0
0
0
0
0
0
0
0
0
0
0
0
0
0
0
0
0
0
0
0
0
0
0
0
0
0
0
0
0
0
0
0
0
0
0
0
0
0
0
0
0
0
0
0
0
0
0
0
0
0
0
0
0
0
0
0
0
0
0
0
0
0
0
0
0
0
0
0
0
0
0
0
0
0
0
0
0
0
0
0
0
0
0
0
0
0
0
0
0
0
0
0
0
0
0
0
0
0
0
0
0
0
0
0
0
0
0
1
0
0
0
0
0
0
0
0
0
0
0
0
0
0
0
0
0
0
0
0
0
0
0
0
0
0
0
0
0
0
0
0
0
0
0
0
0
0
0
0
0
0
0
0
0
0
0
0
0
0
0
0
0
0
0
0
0
0
0
0
0
0
1
0
0
0
0
0
0
0
0
0
0
0
0
0
0
0
0
0
0
0
0
0
0
0
0
0
0
0
0
0
0
0
0
0
0
0
0
0
0
0
0
0
0
0
1
0
0
0
0
0
0
0
0
0
0
0
0
0
0
0
0
0
0
0
0
0
0
0
0
0
0
0
0
0
0
0
0
0
0
0
0
0
0
0
0
0
0
0
0
0
0
0
0
0
0
0
0
0
0
0
0
0
0
0
0
0
0
0
0
0
0
0
0
0
0
0
0
0
0
0
0
0
0
0
0
0
0
0
0
0
0
0
0
0
0
0
0
0
0
0
0
0
0
0
0
0
0
0
0
0
0
0
0
0
0
0
0
0
0
0
0
0
0
0
0
0
0
0
0
0
0
0
0
0
0
0
0
0
0
0
0
0
0
0
0
0
0
0
0
0
0
0
0
0
0
0
0
0
0
0
0
0
0
0
0
0
0
0
0
0
0
0
0
0
0
0
0
0
0
0
0
0
0
0
0
0
0
0
0
0
0
0
0
0
0
0
0
0
0
0
0
0
0
0
0
0
0
0
0
0
0
0
0
0
0
0
0
0
0
1
0
0
0
0
0
0
0
0
0
0
0
0
0
0
0
0
0
0
0
0
0
0
0
0
0
0
0
0
0
0
0
0
0
0
0
0
0
0
0
0
0
0
0
0
0
0
0
0
0
0
0
0
0
0
0
0
0
0
0
0
0
0
0
0
0
0
0
0
0
0
0
0
0
0
0
0
0
0
0
0
0
0
0
0
0
0
0
0
0
0
0
0
0
0
0
0
0
0
0
0
0
0
0
0
0
0
0
0
0
0
0
0
0
0
0
0
0
0
0
0
0
0
0
0
0
0
0
0
0
0
0
0
0
0
0
0
0
0
0
0
0
0
0
0
0
0
0
0
0
0
0
0
0
0
0
0
0
0
0
0
0
0
0
0
0
0
0
0
0
0
0
0
0
0
0
0
0
0
0
0
0
0
0
0
0
0
0
0
0
0
0
0
0
0
0
0
0
0
0
0
0
0
0
0
0
0
0
0
0
0
0
0
0
0
0
0
0
0
0
0
0
0
0
0
0
0
0
0
0
0
0
0
0
0
0
0
0
0
0
0
0
0
0
0
0
0
0
0
0
0
0
0
0
0
0
0
0
0
0
0
0
0
0
0
0
0
0
0
0
0
0
0
0
0
0
0
0
0
0
0
0
0
0
0
0
0
0
0
0
0
0
0
0
0
0
0
0
0
0
0
0
0
0
0
0
0
0
0
0
0
0
0
0
0
0
0
0
0
0
0
0
0
0
0
0
0
0
0
0
0
0
0
0
0
0
0
0
0
0
0
0
0
0
0
0
0
0
0
0
0
0
0
0
0
0
0
0
0
0
0
0
0
0
0
0
0
0
0
0
0
0
0
0
0
0
0
0
0
0
0
0
0
0
0
0
0
0
0
0
0
0
0
0
0
0
0
0
0
0
0
0
0
0
0
0
0
0
0
0
1
0
0
0
0
0
0
0
0
0
0
0
0
0
0
0
0
0
0
0
0
0
0
0
0
0
0
0
0
0
0
0
0
0
0
0
0
0
0
0
0
0
0
0
0
0
0
0
0
0
0
0
0
0
0
0
0
0
0
0
0
0
0
0
0
0
0
0
0
0
0
0
0
0
0
0
0
0
0
0
0
0
0
0
0
0
0
0
0
0
0
0
0
0
0
0
0
0
0
0
0
0
0
0
0
0
0
0
0
0
0
0
0
0
0
0
0
0
0
0
0
0
0
0
0
0
0
0
0
0
0
0
0
0
0
0
0
0
0
0
0
0
0
0
0
0
0
0
0
0
0
0
0
0
0
0
0
0
0
0
0
0
0
0
0
0
0
0
0
0
0
0
0
0
0
0
0
0
0
0
1
0
0
0
0
0
0
0
0
0
0
0
0
0
0
0
0
0
0
0
0
0
0
0
0
0
0
0
0
0
0
0
0
0
0
0
0
0
0
0
0
0
0
0
0
0
0
0
0
0
0
0
0
0
0
0
0
0
0
0
0
0
0
0
0
0
0
0
0
0
0
0
0
0
0
0
0
0
0
0
0
0
0
0
0
0
0
0
0
0
0
0
0
0
0
0
0
0
0
0
0
0
0
0
0
0
0
0
0
0
0
0
0
0
0
0
0
0
0
0
0
0
0
0
0
0
0
0
0
0
0
0
0
0
0
0
0
0
0
0
0
0
0
0
0
0
0
0
0
0
0
0
0
0
0
0
0
0
0
0
0
0
0
0
0
0
0
0
0
0
0
0
0
0
0
0
0
0
0
0
0
0
0
0
0
0
0
0
0
0
0
0
0
0
0
0
0
0
0
0
0
0
0
0
0
0
0
0
0
0
0
0
0
0
0
0
0
0
0
0
0
0
0
0
0
0
0
0
0
0
0
0
0
0
0
0
0
0
0
0
0
0
0
0
0
0
0
0
0
0
0
0
0
0
0
0
0
0
0
0
0
0
0
0
0
0
0
0
0
0
0
0
0
0
0
0
0
0
0
0
0
0
0
0
0
0
0
0
0
0
0
0
0
0
0
0
0
0
0
0
0
0
0
0
0
0
0
0
0
0
0
0
0
0
0
0
0
0
0
0
0
0
0
0
0
0
0
0
0
0
0
0
0
0
0
0
0
0
0
0
0
0
0
0
0
0
0
0
0
0
0
0
0
0
0
0
0
0
0
0
0
0
0
0
0
0
0
0
0
0
0
0
0
0
0
0
0
0
0
0
0
0
0
0
0
0
0
0
0
0
0
0
0
0
0
0
0
0
0
0
0
0
0
0
0
0
0
0
0
0
0
0
0
0
0
0
0
0
0
0
0
0
0
0
0
0
0
0
0
0
0
0
0
0
0
0
0
0
0
0
0
0
0
0
0
0
0
0
0
0
0
0
0
0
0
0
0
0
0
0
0
0
0
0
0
0
0
0
0
0
0
0
0
0
0
0
0
0
0
0
0
0
0
0
0
0
0
0
0
0
0
0
0
0
0
0
0
0
0
0
0
0
0
0
0
0
0
0
0
0
0
0
0
0
0
0
0
0
0
0
0
0
0
0
0
0
0
0
0
0
0
0
0
0
0
0
0
0
0
0
0
0
0
0
0
0
0
0
0
0
0
0
0
0
0
0
0
0
0
0
0
0
0
0
0
0
0
0
0
0
0
0
0
0
0
0
0
0
0
0
0
0
0
0
0
0
0
0
0
0
0
0
0
0
0
0
0
0
0
0
0
0
0
0
0
0
0
0
0
0
0
0
0
0
0
0
0
0
0
0
0
0
0
0
0
0
0
0
0
0
0
0
0
0
0
0
0
0
0
0
0
0
0
0
0
0
0
0
0
0
0
0
0
0
0
0
0
0
0
0
0
0
0
0
0
0
0
0
0
0
0
0
0
0
0
0
0
0
0
0
0
0
0
0
0
0
0
0
0
0
0
0
0
0
0
0
0
0
0
0
0
0
0
0
0
0
0
0
0
0
0
0
0
0
0
0
0
0
0
0
0
0
0
0
0
0
0
0
0
0
0
0
0
0
0
0
0
0
0
0
0
0
0
0
0
0
0
0
0
0
0
0
0
0
0
0
0
0
0
0
0
0
0
0
0
0
0
0
0
0
0
0
0
0
0
0
0
0
0
0
0
0
0
0
0
0
0
0
0
0
0
0
0
0
0
0
0
0
0
0
0
0
0
0
0
0
0
0
0
0
0
0
0
0
0
0
0
0
0
0
0
0
0
0
0
0
0
0
0
0
0
0
0
0
0
0
0
0
0
0
0
0
0
0
0
0
0
0
0
0
0
0
0
0
0
0
0
0
0
0
0
0
0
0
0
0
0
0
0
0
0
0
0
0
0
0
0
0
0
0
0
1
0
0
0
0
0
0
0
0
0
0
0
0
0
0
0
0
0
0
0
0
0
0
0
0
0
0
0
0
0
0
0
0
0
0
0
0
0
0
0
0
0
0
0
0
0
0
0
0
0
0
0
0
0
0
0
0
0
0
0
0
0
0
0
0
0
0
0
0
0
0
0
0
0
0
0
0
0
0
0
0
0
0
0
0
0
0
0
0
0
0
0
0
0
0
0
0
0
0
0
0
0
0
0
0
0
0
0
0
0
0
0
0
0
0
0
0
0
0
0
0
0
0
0
0
0
0
0
0
0
0
0
0
0
0
0
0
0
0
0
0
0
0
0
0
0
0
0
0
0
0
0
0
0
0
0
0
0
0
0
0
0
0
0
0
0
0
0
0
0
0
0
0
0
0
0
0
0
0
0
0
0
0
0
0
0
0
0
0
0
0
0
0
0
0
0
0
0
0
0
0
0
0
0
0
0
0
0
0
0
0
0
0
0
0
0
0
0
0
0
0
0
0
0
0
0
0
0
0
0
0
0
0
0
0
0
0
0
0
0
0
0
0
0
0
0
0
0
0
0
0
0
0
0
0
0
0
0
0
0
0
0
0
0
0
0
0
0
0
0
0
0
0
0
0
0
0
0
0
0
0
0
0
0
0
0
0
0
0
0
0
0
0
0
0
0
0
0
0
0
0
0
0
0
0
0
0
0
0
0
0
0
0
0
0
0
0
0
0
0
0
0
0
0
0
0
0
0
0
0
0
0
0
0
0
0
0
0
0
0
0
0
0
0
0
0
0
0
0
0
0
0
0
0
0
0
0
0
0
0
0
0
0
0
0
0
0
0
0
0
0
0
0
0
0
0
0
0
0
0
0
0
0
0
0
0
0
0
0
0
0
0
0
0
0
0
0
0
0
0
0
0
0
0
0
0
0
0
0
0
0
0
0
0
0
0
0
0
0
0
0
0
0
0
0
0
0
0
0
0
0
0
0
0
0
0
0
0
0
0
0
0
0
0
0
0
0
0
0
0
0
0
0
0
0
0
0
0
0
0
0
0
0
0
0
0
0
0
0
0
0
0
0
0
0
0
0
0
0
0
0
0
0
0
0
0
0
0
0
0
0
0
0
0
0
0
0
0
0
0
0
0
0
0
0
0
0
0
0
0
0
0
0
0
0
0
0
0
0
0
0
0
0
0
0
0
0
0
0
0
0
0
0
0
0
0
0
0
0
0
0
0
0
0
0
0
0
0
0
0
0
0
0
0
0
0
0
0
0
0
0
0
0
0
0
0
0
0
0
0
0
0
0
0
0
0
0
0
0
0
0
0
0
0
0
0
0
0
0
0
0
0
0
0
0
0
0
0
0
0
0
0
0
0
0
0
0
0
0
0
0
0
0
0
0
0
0
0
0
0
0
0
0
0
0
0
0
0
0
0
0
0
0
0
0
0
0
0
0
0
0
0
0
0
0
0
0
0
0
0
0
0
0
0
0
0
0
0
0
0
0
0
0
0
0
0
0
0
0
0
0
0
0
0
0
0
0
0
0
0
0
0
0
0
0
0
0
0
0
0
0
0
0
0
0
0
0
0
0
0
0
0
0
0
0
0
0
0
0
0
0
0
0
0
0
0
0
0
0
0
0
0
0
0
0
0
0
0
0
0
0
0
0
0
0
0
0
0
0
0
0
0
0
0
0
0
0
0
0
0
0
0
0
0
0
0
0
0
0
0
0
0
0
0
0
0
0
0
0
0
0
0
0
0
0
0
0
0
0
0
0
0
0
0
0
0
0
0
0
0
0
0
0
0
0
0
0
0
0
0
0
0
0
0
0
0
0
0
0
0
0
0
0
0
0
0
0
0
0
0
0
0
0
0
0
0
0
0
0
0
0
0
0
0
0
0
0
0
0
0
0
0
0
0
0
0
0
0
0
0
0
0
0
0
0
0
0
0
0
0
0
0
0
0
0
0
0
0
0
0
0
0
0
0
0
0
0
0
0
0
0
0
0
0
0
0
0
0
0
0
0
0
0
0
0
0
0
0
0
0
0
0
0
0
0
0
0
0
0
0
0
0
0
0
0
0
0
0
0
0
0
0
0
0
0
0
0
0
0
0
0
0
0
0
0
0
0
0
0
0
0
0
0
0
0
0
0
0
0
0
0
0
0
0
0
0
0
0
0
0
0
0
0
0
0
0
0
0
0
0
0
0
0
0
0
0
0
0
0
0
0
0
0
0
0
0
0
0
0
0
0
0
0
0
0
0
0
0
0
0
0
0
0
0
0
0
0
0
0
0
0
0
0
0
0
0
0
0
0
0
0
0
0
0
0
0
0
0
0
0
0
0
0
0
0
0
0
0
0
0
0
0
0
0
0
0
0
0
0
0
0
0
0
0
0
0
0
0
0
0
0
0
0
0
0
0
0
0
0
0
0
0
0
0
0
0
0
0
0
0
0
0
0
0
0
0
0
0
0
0
0
0
0
0
0
0
0
0
0
0
0
0
0
0
0
0
0
0
0
0
0
0
0
0
0
0
0
0
0
0
0
0
0
0
0
0
0
0
0
0
0
0
0
0
0
0
0
0
0
0
0
0
0
0
0
0
0
0
0
0
0
0
0
0
0
0
0
0
0
0
0
0
0
0
0
0
0
0
0
0
0
0
0
0
0
0
0
0
0
0
0
0
0
0
0
0
0
0
0
0
0
0
0
0
0
0
0
0
0
0
0
0
0
0
0
0
0
0
0
0
0
0
0
0
0
0
0
0
0
0
0
0
0
0
0
0
0
0
0
0
0
0
0
0
0
0
0
0
0
0
0
0
0
0
0
0
0
0
0
0
0
0
0
0
0
0
0
0
0
0
0
0
0
0
0
0
0
0
0
0
0
0
0
0
0
0
0
0
0
0
0
0
0
0
0
0
0
0
0
0
0
0
0
0
0
0
0
0
0
0
0
0
0
0
0
0
0
0
0
0
0
0
0
0
0
0
0
0
0
0
0
0
0
0
0
0
0
0
0
0
0
0
0
0
0
0
0
0
0
0
0
0
0
0
0
0
0
0
0
0
0
0
0
0
0
0
0
0
0
0
0
0
0
0
0
0
0
0
0
0
0
0
0
0
0
0
0
0
0
0
0
0
0
0
0
0
0
0
0
0
0
0
0
0
0
0
0
0
0
0
1
0
0
0
0
0
0
0
0
0
0
0
0
0
0
0
0
0
0
0
0
0
0
0
0
0
0
0
0
0
0
0
0
0
0
0
0
0
0
0
0
0
0
0
0
0
0
0
0
0
0
0
0
0
0
0
0
0
0
0
0
0
0
0
0
0
0
0
0
0
0
0
0
0
0
0
0
0
0
0
0
0
0
0
0
0
0
0
0
0
0
0
0
0
0
0
0
0
0
0
0
0
0
0
0
0
0
0
0
0
0
0
0
0
0
0
0
0
0
0
0
0
0
0
0
0
0
0
0
0
0
0
0
0
0
0
0
0
0
0
0
0
0
0
0
0
0
0
0
0
0
0
0
0
0
0
0
0
0
0
0
0
0
0
0
0
0
0
0
0
0
0
0
0
0
0
0
0
0
0
0
0
0
0
0
0
0
0
0
0
0
0
0
0
0
0
0
0
0
0
0
0
0
0
0
0
0
0
0
0
0
0
0
0
0
0
0
0
0
0
0
0
0
0
0
0
0
0
0
0
0
0
0
0
0
0
0
0
0
0
0
0
0
0
0
0
0
0
0
0
0
0
0
0
0
0
0
0
0
0
0
0
0
0
0
0
0
0
0
0
0
0
0
0
0
0
0
0
0
0
0
0
0
0
0
0
0
0
0
0
0
0
0
0
0
0
0
0
0
0
0
0
0
0
0
0
0
0
0
0
0
0
0
0
0
0
0
0
0
0
0
0
0
0
0
0
0
0
0
0
0
0
0
0
0
0
0
0
0
0
0
0
0
0
0
0
0
0
0
0
0
0
0
0
0
0
0
0
0
0
0
0
0
0
0
0
0
0
0
0
0
0
0
0
0
0
0
0
0
0
0
0
0
0
0
0
0
0
0
0
0
0
0
0
0
0
0
0
0
0
0
0
0
0
0
0
0
0
0
0
0
0
0
0
0
0
0
0
0
0
0
0
0
0
0
0
0
0
0
0
0
0
0
0
0
0
0
0
0
0
0
0
0
0
0
0
0
0
0
0
0
0
0
0
0
0
0
0
0
0
0
0
0
0
0
0
0
0
0
0
0
0
0
0
0
0
0
0
0
0
0
0
0
0
0
0
0
0
0
0
0
0
0
0
0
0
0
0
0
0
0
0
0
0
0
0
0
0
0
0
0
0
0
0
0
0
0
0
0
0
0
0
0
0
0
0
0
0
0
0
0
0
0
0
0
0
0
0
0
0
0
0
0
0
0
0
0
0
0
0
0
0
0
0
0
0
0
0
0
0
0
0
0
0
0
0
0
0
0
0
0
0
0
0
0
0
0
0
0
0
0
0
0
0
0
0
0
0
0
0
0
0
0
0
0
0
0
0
0
0
0
0
0
0
0
0
0
0
0
0
0
0
0
0
0
0
0
0
0
0
0
0
0
0
0
0
0
0
0
0
0
0
0
0
0
0
0
0
0
0
0
0
0
0
0
0
0
0
0
0
0
0
0
0
0
0
0
0
0
0
0
0
0
0
0
0
0
0
0
0
0
0
0
0
0
0
0
0
0
0
0
0
0
0
0
0
0
0
0
0
0
0
0
0
0
0
0
0
0
0
0
0
0
0
0
0
0
0
0
0
0
0
0
0
0
0
0
0
0
0
0
0
0
0
0
0
0
0
0
0
0
0
0
0
0
0
0
0
0
0
0
0
0
0
0
0
0
0
0
0
0
0
0
0
0
0
0
0
0
0
0
0
0
0
0
0
0
0
0
0
0
0
0
0
0
0
0
0
0
0
0
0
0
0
0
0
0
0
0
0
0
0
0
0
0
0
0
0
0
0
0
0
0
0
0
0
0
0
0
0
0
0
0
0
0
0
0
0
0
0
0
0
0
0
0
0
0
0
0
0
0
0
0
0
0
0
0
0
0
0
0
0
0
0
0
0
0
0
0
0
0
0
0
0
0
0
0
0
0
0
0
0
0
0
0
0
0
0
0
0
0
0
0
0
0
0
0
0
0
0
0
0
0
0
0
0
0
0
0
0
0
0
0
0
0
0
0
0
0
0
0
0
0
0
0
0
0
0
0
0
0
0
0
0
0
0
0
0
0
0
0
0
0
0
0
0
0
0
0
0
0
0
0
0
0
0
0
0
0
0
0
0
0
0
0
0
0
0
0
0
0
0
0
0
0
0
0
0
0
0
0
0
0
0
0
0
0
0
0
0
0
0
0
0
0
0
0
0
0
0
0
0
0
0
0
0
0
0
0
0
0
0
0
0
0
0
0
0
0
0
0
0
0
0
0
0
0
0
0
0
0
0
0
0
0
0
0
0
0
0
0
0
0
0
0
0
0
0
0
0
0
0
0
0
0
0
0
0
0
0
0
0
0
0
0
0
0
0
0
0
0
0
0
0
0
0
0
0
0
0
0
0
0
0
0
0
0
0
0
0
0
0
0
0
0
0
0
0
0
0
0
0
0
0
0
0
0
0
0
0
0
0
0
0
0
0
0
0
0
0
0
0
0
0
0
0
0
0
0
0
0
0
0
0
0
0
0
0
0
0
0
0
0
0
0
0
0
0
0
0
0
0
0
0
0
0
0
0
0
0
0
0
0
0
0
0
0
0
0
0
0
0
0
0
0
0
0
0
0
0
0
0
0
0
0
0
0
0
0
0
0
0
0
0
0
0
0
0
0
0
0
0
0
0
0
0
0
0
0
0
0
0
0
0
0
0
0
0
0
0
0
0
0
0
0
0
0
0
0
0
0
0
0
0
0
0
0
0
0
0
0
0
0
0
0
0
0
0
0
0
0
0
0
0
0
0
0
0
0
0
0
0
0
0
0
0
0
0
0
0
0
0
0
0
0
0
0
0
0
0
0
0
0
0
0
0
0
0
0
0
0
0
0
0
0
0
0
0
0
0
0
0
0
0
0
0
0
0
0
0
0
0
0
0
0
0
0
0
0
0
0
0
0
0
0
0
0
0
0
0
0
0
0
0
0
0
0
0
0
0
0
0
0
0
0
0
0
0
0
0
0
0
0
0
0
0
0
0
0
0
0
0
0
0
0
0
0
0
0
0
0
0
0
0
0
0
0
0
0
0
0
0
0
0
0
0
0
0
0
0
0
0
0
0
0
0
0
0
0
0
0
0
0
0
0
0
0
0
0
0
0
0
0
0
0
0
0
0
0
0
0
0
0
0
0
0
0
0
0
0
0
0
0
0
0
0
0
0
0
0
0
0
0
0
0
0
0
0
0
0
0
0
0
0
0
0
0
0
0
0
0
0
0
0
0
0
0
0
0
0
0
0
0
0
0
0
0
0
0
0
0
0
0
0
0
0
0
0
0
0
0
0
0
0
0
0
0
0
0
0
0
0
0
0
0
0
0
0
0
0
0
0
0
0
0
0
0
0
0
0
0
0
0
0
0
0
0
0
0
0
0
0
0
0
0
0
0
0
0
0
0
0
0
0
0
0
0
0
0
0
0
0
0
0
0
0
0
0
0
0
0
0
0
0
0
0
0
0
0
0
0
0
0
0
0
0
0
0
0
0
0
0
0
0
0
0
0
0
0
0
0
0
0
0
0
0
0
0
0
0
0
0
0
0
0
0
0
0
0
0
0
0
0
0
0
0
0
0
0
0
0
0
0
0
0
0
0
0
0
0
0
0
0
0
0
0
0
0
0
0
0
0
0
0
0
0
0
0
0
0
0
0
0
0
0
0
0
0
0
0
0
0
0
0
0
0
0
0
0
0
0
0
0
0
0
0
0
0
0
0
0
0
0
0
0
0
0
0
0
0
0
0
0
0
0
0
0
0
0
0
0
0
0
0
0
0
0
0
0
0
0
0
0
0
0
0
0
0
0
0
0
0
0
0
0
0
0
0
0
0
0
0
0
0
0
0
0
0
0
0
0
0
0
0
0
0
0
0
0
0
0
0
0
0
0
0
0
0
0
0
0
0
0
0
0
0
0
0
0
0
0
0
0
0
0
0
0
0
0
0
0
0
0
0
0
0
0
0
0
0
0
0
0
0
0
0
0
0
0
0
0
0
0
0
0
0
0
0
0
0
0
0
0
0
0
0
0
0
0
0
0
0
0
0
0
0
0
0
0
0
0
0
0
0
0
0
0
0
0
0
0
0
0
0
0
0
0
0
0
0
0
0
0
0
0
0
0
0
0
0
0
0
0
0
0
0
0
0
0
0
0
0
0
0
0
0
0
0
0
0
0
0
0
0
0
0
0
0
0
0
0
0
0
0
0
0
0
0
0
0
0
0
0
0
0
0
0
0
0
0
0
0
0
0
0
0
0
0
0
0
0
0
0
0
0
0
0
0
0
0
0
0
0
0
0
0
0
0
0
0
0
0
0
0
0
0
0
0
0
0
0
0
0
0
0
0
0
0
0
0
0
0
0
0
0
0
0
0
0
0
0
0
0
0
0
0
0
0
0
0
0
0
0
0
0
0
0
0
0
0
0
0
0
0
0
0
0
0
0
0
0
0
0
0
0
0
0
0
0
0
0
0
0
0
0
0
0
0
0
0
0
0
0
0
0
0
0
0
0
0
0
0
0
0
0
0
0
0
0
0
0
0
0
0
0
0
0
0
0
0
0
0
0
0
0
0
0
0
0
0
0
0
0
0
0
0
0
0
0
0
0
0
0
0
0
0
0
0
0
0
0
0
0
0
0
0
0
0
0
0
0
0
0
0
0
0
0
0
0
0
0
0
0
0
0
0
0
0
0
0
0
0
0
0
0
0
0
0
0
0
0
0
0
0
0
0
0
0
0
0
0
0
0
0
0
0
0
0
0
0
0
0
0
0
0
0
0
0
0
0
0
0
0
0
0
0
0
0
0
0
0
0
0
0
0
0
0
0
0
0
0
0
0
0
0
0
0
0
0
0
0
0
0
0
0
0
0
0
0
0
0
0
0
0
0
0
0
0
0
0
0
0
0
0
0
0
0
0
0
0
0
0
0
0
0
0
0
0
0
0
0
0
0
0
0
0
0
0
0
0
0
0
0
0
0
0
0
0
0
0
0
0
0
0
0
0
0
0
0
0
0
0
0
0
0
0
0
0
0
0
0
0
0
0
0
0
0
0
0
0
0
0
0
0
0
0
0
0
0
0
0
0
0
0
0
0
0
0
0
0
0
0
0
0
0
0
0
0
0
0
0
0
0
0
0
0
0
0
0
0
0
0
0
0
0
0
0
0
0
0
0
0
0
0
0
0
0
0
0
0
0
0
0
0
0
0
0
0
0
0
0
0
0
0
0
0
0
0
0
0
0
0
0
0
0
0
0
0
0
0
0
0
0
0
0
0
0
0
0
0
0
0
0
0
0
0
0
0
0
0
0
0
0
0
0
0
0
0
0
0
0
0
0
0
0
0
0
0
0
0
0
0
0
0
0
0
0
0
0
0
0
0
0
0
0
0
0
0
0
0
0
0
0
0
0
0
0
0
0
0
0
0
0
0
0
0
0
0
0
0
0
0
0
0
0
0
0
0
0
0
0
0
0
0
0
0
0
0
0
0
0
0
0
0
0
0
0
0
0
0
0
0
0
0
0
0
0
0
0
0
0
0
0
0
0
0
0
0
0
0
0
0
0
0
0
0
0
0
0
0
0
0
0
0
0
0
0
0
0
0
0
0
0
0
0
0
0
0
0
0
0
0
0
0
0
0
0
0
0
0
0
0
0
0
0
0
0
0
0
0
0
0
0
0
0
0
0
0
0
0
0
0
0
0
0
0
0
0
0
0
0
0
0
0
0
0
0
0
0
0
0
0
0
0
0
0
0
0
0
0
0
0
0
0
0
0
0
0
0
0
0
0
0
0
0
0
0
0
0
0
0
0
0
0
0
0
0
0
0
0
0
0
0
0
0
0
0
0
0
0
0
0
0
0
0
0
0
0
0
0
0
0
0
0
0
0
0
0
0
0
0
0
0
0
0
0
0
0
0
0
0
0
0
0
0
0
0
0
0
0
0
0
0
0
0
0
0
0
0
0
0
0
0
0
0
0
0
0
0
0
0
0
0
0
0
0
0
0
0
0
0
0
0
0
0
0
0
0
0
0
0
0
0
0
0
0
0
0
0
0
0
0
0
0
0
0
0
0
0
0
0
0
0
0
0
0
0
0
0
0
0
0
0
0
0
0
0
0
0
0
0
0
0
0
0
0
0
0
0
0
0
0
0
0
0
0
0
0
0
0
0
0
0
0
0
0
0
0
0
0
0
0
0
0
0
0
0
0
0
0
0
0
0
0
0
0
0
0
0
0
0
0
0
0
0
0
0
0
0
0
0
0
0
0
0
0
0
0
0
0
0
0
0
0
0
0
0
0
0
0
0
0
0
0
0
0
0
0
0
0
0
0
0
0
0
0
0
0
0
0
0
0
0
0
0
0
0
0
0
0
0
0
0
0
0
0
0
0
0
0
0
0
0
0
0
0
0
0
0
0
0
0
0
0
0
0
0
0
0
0
0
0
0
0
0
0
0
0
0
0
0
0
0
0
0
0
0
0
0
0
0
0
0
0
0
0
0
0
0
0
0
0
0
0
0
0
0
0
0
0
0
0
0
0
0
0
0
0
0
0
0
0
0
0
0
0
0
0
0
0
0
0
0
0
0
0
0
0
0
0
0
0
0
0
0
0
0
0
0
0
0
0
0
0
0
0
0
0
0
0
0
0
0
0
0
0
0
0
0
0
0
0
0
0
0
0
0
0
0
0
0
0
0
0
0
0
0
0
0
0
0
0
0
0
0
0
0
0
0
0
0
0
0
0
0
0
0
0
0
0
0
0
0
0
0
0
0
0
0
0
0
0
0
0
0
0
0
0
0
0
0
0
0
0
0
0
0
0
0
0
0
0
0
0
0
0
0
0
0
0
0
0
0
0
0
0
0
0
0
0
0
0
0
0
0
0
0
0
0
0
0
0
0
0
0
0
0
0
0
0
0
0
0
0
0
0
0
0
0
0
0
0
0
0
0
0
0
0
0
0
0
0
0
0
0
0
0
0
0
0
0
0
0
0
0
0
0
0
0
0
0
0
0
0
0
0
0
0
0
0
0
0
0
0
0
0
0
0
0
0
0
0
0
0
0
0
0
0
0
0
0
0
0
0
0
0
0
0
0
0
0
0
0
0
0
0
0
0
0
0
0
0
0
0
0
0
0
0
0
0
0
0
0
0
0
0
0
0
0
0
0
0
0
0
0
0
0
0
0
0
0
0
0
0
0
0
0
0
0
0
0
0
0
0
0
0
0
0
0
0
0
0
0
0
0
0
0
0
0
0
0
0
0
0
0
0
0
0
0
0
0
0
0
0
0
0
0
0
0
0
0
0
0
0
0
0
0
0
0
0
0
0
0
0
0
0
0
0
0
0
0
0
0
0
0
0
0
0
0
0
0
0
0
0
0
0
0
0
0
0
0
0
0
0
0
0
0
0
0
0
0
0
0
0
0
0
0
0
0
0
0
0
0
0
0
0
0
0
0
0
0
0
0
0
0
0
0
0
0
0
0
0
0
0
0
0
0
0
0
0
0
0
0
0
0
0
0
0
0
0
0
0
0
0
0
0
0
0
0
0
0
0
0
0
0
0
0
0
0
0
0
0
0
0
0
0
0
0
0
0
0
0
0
0
0
0
0
0
0
0
0
0
0
0
0
0
0
0
0
0
0
0
0
0
0
0
0
0
0
0
0
0
0
0
0
0
0
0
0
0
0
0
0
0
0
0
0
0
0
0
0
0
0
0
0
0
0
0
0
0
0
0
0
0
0
0
0
0
0
0
0
0
0
0
0
0
0
0
0
0
0
0
0
0
0
0
0
0
0
0
0
0
0
0
0
0
0
0
0
0
0
0
0
0
0
0
0
0
0
0
0
0
0
0
0
0
0
0
0
0
0
0
0
0
0
0
0
0
0
0
0
0
0
0
0
0
0
0
0
0
0
0
0
0
0
0
0
0
0
0
0
0
0
0
0
0
0
0
0
0
0
0
0
0
0
0
0
0
0
0
0
0
0
0
0
0
0
0
0
0
0
0
0
0
0
0
0
0
0
0
0
0
0
0
0
0
0
0
0
0
0
0
0
0
0
0
0
0
0
0
0
0
0
0
0
0
0
0
0
0
0
0
0
0
0
0
0
0
0
0
0
0
0
0
0
0
0
0
0
0
0
0
0
0
0
0
0
0
0
0
0
0
0
0
0
0
0
0
0
0
0
0
0
0
0
0
0
0
0
0
0
0
0
0
0
0
0
0
0
0
0
0
0
0
0
0
0
0
0
0
0
0
0
0
0
0
0
0
0
0
0
0
0
0
0
0
0
0
0
0
0
0
0
0
0
0
0
0
0
0
0
0
0
0
0
0
0
0
0
0
0
0
0
0
0
0
0
0
0
0
0
0
0
0
0
0
0
0
0
0
0
0
0
0
0
0
0
0
0
0
0
0
0
0
0
0
0
0
0
0
0
0
0
0
0
0
0
0
0
0
0
0
0
0
0
0
0
0
0
0
0
0
0
0
0
0
0
0
0
0
0
0
0
0
0
0
0
0
0
0
0
0
0
0
0
0
0
0
0
0
0
0
0
0
0
0
0
0
0
0
0
0
0
0
0
0
0
0
0
0
0
0
0
0
0
0
0
0
0
0
0
0
0
0
0
0
0
0
0
0
0
0
0
0
0
0
0
0
0
0
0
0
0
0
0
0
0
0
0
0
0
0
0
0
0
0
0
0
0
0
0
0
0
0
0
0
0
0
0
0
0
0
0
0
0
0
0
0
0
0
0
0
0
0
0
0
0
0
0
0
0
0
0
0
0
0
0
0
0
0
0
0
0
0
0
0
0
0
0
0
0
0
0
0
0
0
0
0
0
0
0
0
0
0
0
0
0
0
0
0
0
0
0
0
0
0
0
0
0
0
0
0
0
0
0
0
0
0
0
0
0
0
0
0
0
0
0
0
0
0
0
0
0
0
0
0
0
0
0
0
0
0
0
0
0
0
0
0
0
0
0
0
0
0
0
0
0
0
0
0
0
0
0
0
0
0
0
0
0
0
0
0
0
0
0
0
0
0
0
0
0
0
0
0
0
0
0
0
0
0
0
0
0
0
0
0
0
0
0
0
0
0
0
0
0
0
0
0
0
0
0
0
0
0
0
0
0
0
0
0
0
0
0
0
0
0
0
0
0
0
0
0
0
0
0
0
0
0
0
0
0
0
0
0
0
0
0
0
0
