0
2977
5727
7133
7316
7878
7514
7860
7779
7882
38593
8213
8682
9254
9626
10530
11364
12651
13796
15060
95295
18688
20678
23049
25407
28985
31647
35219
80749
0
271306
51039
55267
61187
66632
72414
78067
82845
88919
95157
578106
107106
113373
120117
127052
133796
140603
147303
154947
161061
941949
173916
181002
186776
193476
198791
411827
213810
0
222915
1269419
232292
238308
243845
246552
252221
255874
262463
267391
270793
1516778
277804
282713
285520
288629
292777
293931
298003
300134
303566
1670353
308642
310320
311942
312252
314479
314197
316733
316397
319224
1743534
319013
320033
320324
321486
322904
322214
322436
323751
325284
1949601
325547
326078
325115
323257
323514
321802
320520
320289
320489
1728236
318706
633048
314998
313281
311938
0
312566
312426
311815
1675728
309166
307992
307078
304520
303199
303653
302394
298738
298888
1599474
295590
294914
293082
291633
289463
287865
287215
284415
285052
1526619
283691
282229
279700
278447
276555
276774
274551
272990
272027
1450315
269012
267260
267238
265703
264045
261574
260530
259494
258193
1371784
255218
254962
251900
250388
249858
247353
247057
243736
243202
1284888
240239
237188
236936
236521
233584
231780
229720
228481
227916
1197762
224206
224026
221651
219402
217223
215565
214400
213087
212422
1116371
210393
207940
207380
204813
204755
202616
200866
199794
198369
1403412
0
387745
0
381674
0
377015
0
186519
186078
971231
183046
181256
180220
178972
178073
175963
175691
174756
173261
903048
170932
169418
168479
165961
328624
0
323989
0
994002
0
315565
0
156604
155347
153637
153098
151688
150261
150196
778287
146696
147446
144261
144611
143196
142109
141591
140022
139622
865370
0
272371
0
268413
0
133214
132787
131124
130377
678923
129480
127603
127482
125641
125174
124228
123541
122124
122796
635622
120094
119783
119056
118832
117725
116924
116149
115228
114092
597294
112692
112520
112233
110786
110389
108557
108566
108067
107319
555071
105108
104163
104187
103083
102601
101693
101461
100680
100642
589418
99118
98618
97710
96785
96066
96200
95124
94102
94161
488378
92638
92127
91456
91116
89668
89943
89744
89097
87903
456272
87209
86695
86306
86372
85575
84877
83989
83601
83026
429910
82058
81463
81089
80887
79776
79412
79545
78912
78166
404019
77268
76743
76444
76207
75468
75637
74501
73915
73453
380547
72783
71784
71501
70808
70643
69767
69811
69913
69469
357311
68233
68315
67813
67252
66990
66855
66108
65320
65533
334135
63952
63308
63284
62813
62908
62075
61713
61691
61025
313400
60323
59380
59683
58812
58410
57924
57789
58042
56999
296676
56757
56785
56096
55482
55256
55059
54820
54463
54576
325269
107080
0
52672
52242
103906
0
51423
51327
313459
0
50600
50192
99328
0
49677
49169
48840
48360
48025
249279
47970
47618
47148
47267
47130
92914
0
46190
45699
279816
0
44834
44822
88663
0
44073
43679
86028
0
220981
42641
42454
41860
41521
41546
41440
41274
41313
40695
211220
81398
0
40353
39944
78994
0
39419
39625
239744
0
38525
38657
76034
0
37883
37805
37451
37286
37254
192086
37068
36899
36521
36706
36210
72073
0
35990
35630
219407
0
35408
34902
69545
0
34746
34392
68670
0
175627
34136
33589
33606
33507
33275
33058
32672
33129
32767
190519
64817
0
32219
32013
63239
0
31804
31351
192047
0
31413
31270
30524
30803
30439
30366
30140
30276
29913
153477
29830
29765
29359
29439
29334
29001
29232
28841
28594
147092
28397
28359
28230
28153
28008
27664
27842
27431
27391
139337
27132
27049
26613
26740
26815
26408
26196
26196
25888
132755
25688
25527
25661
25336
25077
25369
25101
24648
25074
126025
24496
24792
24362
24026
23806
23925
23771
23751
23647
120481
23439
23578
23479
22709
23099
23109
22835
22746
22685
115512
22522
22596
22568
21952
22090
22078
21973
21827
21718
109785
21518
21235
21412
21118
21068
20877
21122
21074
20722
123617
20681
20321
20261
20373
20245
20456
19900
19920
20048
100462
19932
19488
19576
19498
19222
19495
18983
19149
19229
95942
18901
18724
18481
18519
18263
18233
18189
18215
17949
92045
17906
18013
17826
17815
17896
17621
17487
17554
17633
88495
17555
17374
17327
17034
17243
17156
17088
16946
16808
83846
16822
16580
16424
16319
16240
16230
16092
15956
15945
80395
15909
15657
15678
15685
15264
15432
15348
15357
15343
76460
15349
15005
15035
14942
15054
14900
14743
14707
14651
74097
14639
14591
14544
14580
14389
14365
14307
14256
14293
70750
13951
14094
14003
13941
13852
13708
13474
13509
13489
77856
13279
13521
13342
13131
13054
13144
13062
12835
12860
64334
12642
12609
12605
12505
12662
12472
12348
12445
12169
61942
12273
12246
12082
12022
11923
12062
11898
11888
11780
59823
11764
11642
11938
11609
11785
11672
11814
11646
11635
58351
11535
11733
11480
11415
11453
11474
11339
11307
11033
57045
11113
11103
11231
11000
11126
11009
10962
10818
11026
55082
11010
11011
10895
11103
10921
10700
10752
10635
10621
53453
10679
10625
10681
10510
10586
10511
10329
10388
10536
51834
10457
10121
10256
10035
10207
10091
10118
10014
10228
51041
10150
10209
10053
10007
10122
10039
10121
10037
10165
61044
10229
20443
10101
0
10310
10206
10343
10344
10319
51930
20663
0
10275
10256
10203
10123
10487
10359
61568
0
10128
10420
10473
10257
10331
10166
20318
10239
0
51050
10182
10203
10183
10211
10274
19924
0
10070
10224
51016
10164
9973
10097
20210
0
10205
10088
10187
10320
51793
10102
20557
10202
0
10369
10090
10562
10490
10373
52020
20686
0
10394
10438
10563
10531
10574
10525
63293
0
10589
10603
10605
10559
10497
10725
21340
10629
0
53259
10605
10674
10709
10721
10594
21286
0
10679
10800
53330
10825
10711
10920
21441
0
10799
10918
10759
10753
61324
10680
21621
10822
0
10881
10942
10799
10921
10787
53415
21833
0
10996
10948
10774
10825
10904
10779
63976
0
10969
10856
10791
10773
10637
11035
21382
10837
0
52535
10686
10814
10661
10750
10853
21272
0
10542
10647
51530
10680
10343
10423
20986
0
10258
10537
10222
10307
50942
10230
20472
10154
0
10248
10432
10318
10137
10202
50016
20452
0
9978
10130
9993
10058
10116
10208
59768
0
10042
10070
10032
10037
10073
9931
20048
10192
0
49178
10135
10014
10029
10041
9839
19856
0
10100
10097
48784
9943
9935
9816
19668
0
9917
9768
9768
9654
55182
9760
19419
9646
0
9653
9727
9421
9353
9461
45807
18826
0
9340
9539
9410
9526
9395
9358
54668
0
9477
9359
9408
9364
9265
9458
9332
9150
9337
44568
9237
9006
8954
9074
8997
9043
8996
9059
9021
44017
9130
9113
9093
8971
9161
9275
9149
9192
9171
43373
9324
9095
9208
9109
9097
9203
8989
9072
8804
41323
9039
8925
8802
8881
8682
8413
8531
8468
8531
39425
8404
8466
8354
8297
8288
8205
8008
7834
7956
38066
8041
7880
7862
7842
7832
7832
7974
7881
7744
36599
7699
7609
7717
7781
7676
7713
7802
7681
7629
40449
7483
7364
7595
7456
7394
7394
7392
7402
7321
34132
7279
7302
7384
7263
7029
7204
7209
7186
7113
32938
7211
6996
6891
7010
6975
6791
7084
7144
6786
31883
6836
6875
6919
6911
6732
6782
6768
6852
6570
30465
6593
6554
6436
6596
6515
6512
6436
6458
6375
28580
6257
6139
5978
6205
6184
5798
5956
5704
5885
27126
5848
5796
5677
5778
5867
5713
5672
5719
5667
25252
5554
5387
5478
5416
5286
5305
5369
5196
5240
24384
5154
5206
5167
5230
5136
5227
5063
5029
4931
23844
5048
4928
4902
5019
4997
4898
4987
5004
5026
26669
4905
5033
4873
4886
4840
4900
4888
4749
4771
21816
4686
4668
4641
4542
4481
4573
4523
4455
4406
20590
4439
4350
4333
4319
4275
4250
4269
4293
4123
19138
4172
4078
4009
4111
4088
4075
3848
3997
3938
18017
3879
3768
3807
3836
3780
3774
3714
3746
3594
16946
3596
3621
3596
3499
3515
3640
3622
3477
3547
15827
3386
3535
3382
3316
3316
3333
3236
3150
3333
15059
3198
3191
3272
3200
3067
3088
3148
3095
3065
14365
3073
3094
3110
3048
2970
3106
2917
3002
3041
13628
2996
2896
2845
2802
2910
2904
2836
2771
2864
14771
2751
2751
2849
2753
2765
2798
2670
2729
2727
12417
2649
2605
2720
2594
2546
2585
2599
2531
2535
11807
2539
2511
2495
2444
2571
2484
2502
2411
2429
11156
2419
2395
2395
2362
2471
2393
2388
2340
2360
11089
2313
2309
2365
2320
2286
2237
2286
2256
2328
10428
2198
2298
2181
2206
2275
2178
2245
2166
2268
10302
2161
2165
2146
2184
2086
2090
2081
2065
2161
10068
2115
2128
2135
2058
2038
2090
2073
2061
2185
9667
2060
1973
2036
2110
2005
2015
2006
1992
2034
9474
2035
2018
2015
2071
2048
2038
1987
1982
1954
10831
1945
1956
1933
1977
1995
1943
1958
1835
1918
9055
2001
1857
1806
1881
1903
1888
1865
1809
1843
8708
1759
1800
1813
1824
1856
1836
1825
1808
1805
8568
1841
1772
1783
1811
1823
1763
1826
1749
1826
8478
1745
1791
1843
1758
1821
1790
1809
1801
1771
8337
1789
1737
1743
1760
1743
1807
1804
1751
1741
8293
1758
1748
1737
1795
1715
1801
1687
1810
1739
8182
1739
1736
1763
1813
1736
1715
1762
1683
1857
8163
1766
1718
1703
1732
1691
1661
1698
1675
1692
7913
1676
1608
1665
1691
1675
1670
1715
1709
1776
9320
1762
1750
1743
1737
1720
1732
1806
1708
1836
8124
1754
1751
1726
1741
1697
1764
1681
1645
1767
8152
1676
1735
1665
1728
1720
1705
1805
1833
1756
8406
1784
1727
1727
1826
1772
1761
1830
1755
1838
8610
1879
1882
1881
1771
1794
1889
1872
1912
1868
9044
1940
1917
1907
1903
1915
1939
1975
1951
2000
9010
1917
1924
2019
1997
1973
1963
2012
1936
1926
9537
1928
2007
1969
2003
2053
2058
2088
2063
2068
9902
2054
2153
2098
2039
2235
2132
2201
2120
2179
10349
2115
2172
2143
2222
2165
2307
2227
2330
2210
12817
2306
2268
2384
2338
4785
0
4744
0
2419
11750
2506
2466
2509
5022
0
2535
2485
2512
2589
12073
2622
2649
5118
0
2616
2617
2549
2605
2669
15517
0
5296
0
2741
2736
2738
2764
2801
17017
0
2889
2882
2878
2833
2998
3041
2942
5901
0
14336
3116
3040
2974
3059
6271
0
6394
0
3172
15646
3253
3200
3322
6602
0
3286
3403
3462
3340
16518
3579
3493
7187
0
3715
3786
3665
3699
3652
21267
0
7569
0
3858
3917
3968
3935
3999
22591
0
4097
4201
4124
4152
4229
4168
4233
8493
0
22293
4330
4380
4366
4414
8925
0
9013
0
4370
20762
4652
4495
4569
9074
0
4724
4656
4649
4745
21536
4755
4749
9676
0
4977
4845
4972
5030
4898
27149
0
10163
0
5028
5026
5246
4998
5054
28147
0
5242
5169
5198
5253
5172
5415
5231
10464
0
23057
5350
5340
5343
5300
10505
0
10589
0
5335
22869
5324
5330
5419
10529
0
5441
5454
5336
5267
22397
5180
5327
10633
0
5324
5342
5273
5250
5373
27317
0
10405
0
5136
5174
5207
5138
5179
26732
0
5113
4941
5050
5236
5110
5044
4990
10035
0
24309
4867
4955
4946
4884
9749
0
9639
0
4825
19781
4762
4848
4720
9456
0
4742
4720
4632
4585
18532
4578
4526
8897
0
4481
4361
4405
4338
4512
21984
0
8449
0
4196
4178
4176
4077
4119
20739
0
4076
4001
4036
3949
4015
3919
3870
7860
0
15620
3800
3792
3724
3673
7152
0
7064
0
3627
14700
3424
3570
3424
6946
0
3367
3495
3486
3415
13927
3317
3205
6566
0
3132
3182
3258
3207
3201
16569
0
6333
0
3057
3123
3171
3025
2977
15783
0
3001
3020
3051
3018
2965
2998
2984
5954
0
13793
2842
2870
2874
2840
5731
0
5605
0
2757
11494
2810
2885
2767
5605
0
2647
2781
2727
2708
10782
2649
2639
5258
0
2586
2635
2514
2497
2543
12730
0
4908
0
2458
2562
2434
2362
2353
12287
0
2313
2253
2372
2353
2344
2270
2275
4615
0
9008
2231
2190
2221
2184
4263
0
4221
0
2113
8526
2131
2010
1971
3908
0
2064
2007
1995
1966
8066
1940
1921
3915
0
1917
1916
1910
1900
1909
9575
0
3626
0
1847
1809
1783
1808
1753
9054
0
1767
1737
1751
1732
1711
1630
1661
3418
0
8143
1738
1643
1641
1650
3290
0
3336
0
1674
6844
1637
1680
1543
3216
0
1619
1641
1602
1630
6684
1563
1675
3207
0
1614
1545
1560
1472
1522
8107
0
3152
0
1546
1479
1542
1493
1453
8011
0
1503
1518
1473
1521
1517
1494
1562
1528
1492
6184
1418
1509
1536
1490
1444
1444
1418
1449
1436
6045
1456
1473
1463
1437
1424
1463
1410
1380
1406
5808
1411
1406
1411
1448
1369
1379
1430
1342
1428
5619
1345
1335
1365
1359
1375
1283
1364
1353
1286
5313
1369
1333
1300
1333
1263
1239
1292
1321
1289
5890
1219
1286
1282
1184
1283
1301
1187
1264
1235
4873
1245
1190
1274
1239
1146
1173
1225
1189
1187
4784
1191
1185
1139
1212
1184
1176
1175
1123
1087
4424
1102
1099
1117
1101
1092
1093
1082
1106
1021
3940
1027
1001
1029
1007
1013
1010
990
959
976
3906
947
957
957
1006
933
928
949
965
881
3596
897
921
900
842
912
890
839
871
864
3344
777
783
815
844
842
800
810
817
822
3144
763
798
759
751
770
717
776
744
732
2863
732
705
712
719
681
681
691
718
719
3214
686
653
668
665
620
664
659
631
624
2441
606
703
636
578
604
604
578
593
559
2106
564
538
552
537
514
529
528
535
567
1966
523
430
500
532
517
458
499
488
464
1851
482
428
484
427
446
428
414
412
409
1593
404
411
363
377
420
403
375
437
369
1493
350
389
374
327
345
346
360
366
360
1314
355
338
319
329
333
317
365
362
293
1240
325
326
341
317
302
311
284
287
330
1243
291
283
275
306
311
273
299
302
283
1288
288
274
243
285
258
261
251
238
261
1073
243
260
265
241
240
254
237
217
224
1018
235
204
230
236
207
243
187
214
213
916
235
215
222
237
201
207
215
211
206
806
181
212
201
207
189
173
175
173
191
798
179
182
186
189
192
153
165
191
190
765
204
169
192
184
155
191
154
179
157
789
177
190
185
165
179
175
185
167
169
689
149
185
154
178
154
153
143
156
156
710
186
167
168
175
160
160
164
151
143
782
162
162
141
143
152
157
136
162
140
641
155
145
153
161
142
141
140
148
139
598
144
156
150
108
167
118
145
124
156
549
149
116
108
123
138
106
124
131
118
549
133
117
120
113
126
130
127
125
111
505
129
117
97
132
101
106
122
114
112
524
121
114
105
138
121
139
122
96
102
472
106
94
107
132
104
98
117
95
107
438
105
94
122
117
97
102
113
124
109
459
95
102
95
102
89
105
96
105
112
464
92
111
93
93
99
93
96
88
100
454
90
84
99
91
104
70
72
97
82
407
102
94
80
96
108
80
87
94
84
387
100
88
73
89
82
82
106
104
67
382
85
89
94
97
92
74
104
87
81
383
87
78
83
73
68
90
81
79
88
383
80
109
90
99
84
95
78
84
80
354
69
75
65
92
72
84
90
90
67
353
79
99
73
96
66
63
81
84
79
335
92
79
65
81
71
84
83
79
76
436
74
75
80
73
75
87
75
87
85
330
71
63
75
83
82
83
75
68
99
333
65
88
58
83
76
73
80
73
79
330
86
90
84
72
71
80
92
85
81
318
99
74
80
84
68
65
91
66
71
289
67
62
81
63
82
79
73
64
74
332
84
54
91
69
73
75
83
58
71
308
56
75
63
78
81
81
59
75
76
328
68
61
68
78
68
62
64
76
62
256
74
74
55
80
72
69
48
58
69
287
60
65
58
68
48
65
71
76
49
295
59
60
39
42
44
61
59
62
68
283
60
51
60
52
50
51
62
61
59
261
58
66
63
59
61
59
49
63
51
297
61
57
48
55
56
64
57
69
46
265
57
74
67
50
60
64
57
57
54
319
47
51
66
68
55
52
52
69
58
273
59
61
68
59
73
62
60
67
57
309
66
55
71
65
67
58
69
58
65
316
59
66
73
60
72
59
58
57
62
375
57
61
60
60
71
44
59
63
78
328
71
82
76
78
78
61
60
70
66
286
83
55
72
58
72
67
67
61
71
263
60
77
47
60
64
65
70
77
79
287
48
62
59
59
58
58
52
56
76
253
56
69
68
61
66
78
54
52
55
262
61
58
58
54
56
59
53
63
59
223
33
53
70
67
61
38
61
55
50
241
43
49
49
58
44
42
48
44
52
214
44
59
51
52
42
59
49
47
41
238
38
40
37
44
50
46
38
32
36
201
43
46
37
43
41
48
44
54
47
186
40
37
42
43
34
47
27
46
43
185
52
30
45
33
36
31
35
43
47
143
44
30
30
31
36
28
40
29
45
171
22
27
38
40
35
40
43
40
32
147
36
30
31
33
32
31
25
32
40
143
27
43
36
40
35
31
26
26
33
144
47
30
30
34
30
23
31
25
24
126
39
28
21
30
25
24
33
26
32
175
42
33
28
31
32
28
17
21
22
135
25
34
30
22
25
41
25
29
25
143
32
34
22
29
31
21
32
17
35
142
27
29
25
25
29
24
26
31
29
126
19
17
28
20
27
24
28
19
27
108
22
21
18
26
13
19
30
25
21
116
22
8
24
19
26
26
25
18
25
131
28
23
15
16
13
25
28
25
17
97
21
25
20
23
17
15
22
22
20
97
24
21
24
23
25
16
22
17
13
101
23
25
31
18
21
19
32
15
17
98
20
23
17
18
14
30
24
22
13
98
31
19
21
25
23
25
30
24
23
102
28
26
26
15
19
22
19
18
26
109
16
22
16
20
13
17
21
26
30
79
23
12
12
17
27
19
16
11
20
94
19
15
29
28
21
17
27
20
19
97
17
17
21
26
16
24
17
27
24
91
22
15
19
22
22
22
18
22
26
85
26
20
11
27
15
18
16
17
22
116
22
16
17
28
0
28
21
15
15
92
34
0
18
23
42
0
27
15
21
90
15
33
0
34
21
19
14
20
104
0
24
11
22
20
22
48
0
21
20
106
0
18
25
25
16
22
30
0
17
89
10
14
6
47
0
23
16
14
13
98
26
0
14
23
31
0
11
13
26
69
19
25
0
23
22
16
18
19
103
0
19
25
13
17
15
38
0
17
20
89
0
18
11
27
20
17
36
0
14
74
17
13
9
37
0
22
12
16
15
65
25
0
18
15
36
0
20
20
14
68
16
35
0
8
15
16
18
15
93
0
31
16
17
7
14
21
0
19
17
86
0
14
23
11
14
19
39
0
13
88
13
14
10
32
0
18
14
17
11
75
32
0
17
8
18
0
16
13
16
59
14
18
0
11
11
17
14
11
77
0
14
17
14
12
11
30
0
16
15
91
0
17
12
18
14
25
30
0
17
78
13
12
22
23
0
13
17
23
16
72
24
0
14
15
31
0
19
11
12
73
19
35
0
10
16
12
20
17
91
0
10
15
16
9
12
34
0
30
12
77
0
14
21
23
9
18
35
0
9
52
12
16
6
36
0
19
11
21
13
71
25
0
10
16
27
0
18
28
8
67
18
43
0
14
15
11
12
14
79
0
17
12
20
17
5
25
0
14
11
61
0
12
14
21
15
19
30
0
14
66
19
16
18
27
0
13
14
16
13
63
26
0
14
13
24
0
10
13
12
62
11
30
0
5
8
16
18
10
75
0
22
9
15
9
22
25
0
23
20
81
0
20
8
8
15
12
23
0
12
59
9
27
15
37
0
22
9
13
13
58
18
0
16
8
28
0
12
13
17
44
17
26
0
12
25
14
13
12
67
0
9
12
13
15
16
28
0
6
17
68
0
14
18
14
12
14
24
0
12
67
14
8
17
24
0
18
11
14
9
54
31
0
8
17
37
0
11
12
12
51
11
34
0
17
11
14
10
15
74
0
12
17
14
13
23
30
0
12
9
72
0
11
11
13
9
13
32
0
12
60
16
10
8
26
0
11
11
10
15
60
17
0
9
10
24
0
13
10
12
56
7
28
0
20
19
6
10
14
52
0
12
14
7
10
16
20
0
8
8
49
0
8
6
12
7
8
17
0
11
55
13
10
11
24
0
12
9
10
13
42
16
0
7
13
15
0
14
12
14
53
6
17
0
11
15
7
6
8
49
0
7
10
6
12
10
15
0
7
9
53
0
7
11
10
11
11
13
0
14
46
7
6
11
19
0
14
8
11
13
32
16
0
6
3
12
0
8
9
4
33
7
17
0
4
9
8
5
6
49
0
10
9
10
9
7
13
0
9
8
33
0
15
9
4
10
8
16
0
12
52
9
11
13
24
0
9
9
12
8
31
10
0
9
10
14
0
12
7
7
29
5
14
0
6
9
12
8
9
34
0
4
3
7
6
11
10
0
6
6
41
0
8
10
6
5
10
13
0
7
32
14
6
8
8
0
10
9
8
4
39
12
0
3
6
16
0
5
3
9
29
5
13
0
12
3
3
8
7
37
0
7
3
6
8
7
16
0
8
10
40
0
11
2
12
8
5
12
0
4
31
9
7
5
9
0
4
7
9
6
22
14
0
1
5
20
0
5
9
8
31
8
11
0
6
4
8
12
8
34
0
11
8
4
2
8
13
0
9
4
44
0
5
8
4
8
5
13
0
6
33
7
7
7
14
0
4
8
6
8
37
9
0
6
3
10
0
4
8
8
23
6
11
0
10
6
4
3
6
28
0
4
3
7
13
3
15
0
5
8
44
0
1
3
6
7
6
15
0
4
44
3
2
5
9
0
7
5
4
5
20
7
0
6
7
17
0
1
1
7
18
5
13
0
2
9
4
2
8
40
0
7
5
7
4
7
7
0
7
4
33
0
3
7
6
5
6
7
0
6
22
7
4
3
14
0
7
5
3
4
18
10
0
7
8
15
0
7
5
5
17
3
17
0
5
5
2
5
5
25
0
5
6
2
6
2
10
0
2
1
23
0
4
4
4
5
8
1
6
8
23
5
5
9
3
1
6
3
7
6
34
4
6
3
2
7
2
4
7
4
21
0
5
6
5
3
1
4
6
5
16
3
6
5
2
5
6
5
7
9
29
6
2
3
6
9
5
1
1
7
18
5
4
4
3
4
2
5
2
7
27
4
2
5
2
5
4
7
8
3
13
2
6
4
3
1
6
5
7
7
27
4
3
4
1
1
4
3
5
7
18
2
3
3
6
1
0
3
5
2
32
2
1
2
3
4
2
2
3
2
14
5
4
3
5
4
1
1
3
5
22
1
2
2
3
5
1
4
3
4
21
4
1
4
4
3
2
2
1
2
11
3
4
0
4
2
3
3
5
1
19
3
1
4
3
2
2
2
6
2
18
4
2
6
2
3
1
1
8
5
12
3
5
2
2
2
1
3
3
2
11
1
3
2
4
2
4
6
2
1
17
4
3
6
3
1
2
3
7
4
21
1
0
4
3
7
3
2
2
1
16
5
3
5
5
3
2
3
1
1
21
7
2
2
4
5
4
2
2
1
12
3
2
2
0
3
7
3
5
3
18
5
1
3
1
3
4
6
1
2
17
0
3
2
2
3
2
2
3
1
11
6
2
2
2
3
4
4
1
4
16
6
4
4
3
2
0
3
1
2
17
0
2
1
2
0
1
6
1
3
11
3
4
1
3
2
1
1
0
2
19
0
2
0
0
4
0
4
1
2
21
3
2
3
5
0
3
1
0
2
13
5
0
2
1
2
4
1
2
2
16
2
2
2
2
1
2
2
3
3
21
0
1
4
3
1
1
0
4
1
18
6
2
4
1
2
3
2
1
1
13
2
1
2
3
3
2
1
3
0
14
2
5
1
3
1
1
1
1
1
14
3
2
3
2
5
3
2
1
0
11
4
3
2
0
3
2
0
1
1
10
5
2
3
2
2
1
3
1
1
9
0
0
1
3
1
1
1
2
2
16
1
2
1
3
1
1
5
1
4
8
2
1
5
1
3
2
2
2
1
12
0
1
0
0
2
2
1
1
2
13
1
2
1
7
2
2
3
2
3
18
1
1
0
2
1
8
4
2
1
10
1
1
5
0
3
2
3
1
1
16
0
1
3
1
5
1
3
1
0
11
3
4
4
4
1
0
2
4
1
16
2
2
1
3
1
3
4
0
0
15
4
6
1
1
0
1
2
4
1
14
2
3
0
3
1
1
0
3
2
9
1
1
5
1
1
3
1
1
1
11
3
4
2
0
1
2
4
2
1
9
1
0
1
0
2
1
1
0
0
12
2
1
2
3
2
0
0
1
1
16
0
1
0
1
1
0
0
2
0
8
0
7
0
0
0
1
0
3
1
9
0
3
1
3
4
0
1
1
1
8
1
2
1
1
3
0
0
1
2
13
1
1
3
1
0
2
1
0
1
7
2
2
5
1
2
2
1
1
2
6
0
2
1
4
0
0
2
1
0
12
3
1
5
1
0
3
1
3
1
8
3
1
2
2
2
2
1
2
3
9
2
3
0
3
1
2
2
1
0
9
1
1
2
1
1
4
1
4
4
10
0
3
0
4
0
4
2
2
0
7
1
1
0
0
1
0
1
3
1
14
2
1
0
2
1
3
3
5
0
6
1
3
1
0
1
2
2
0
3
2
3
4
2
2
1
2
1
1
1
5
0
1
2
4
3
0
0
1
1
6
3
0
1
2
3
1
0
0
1
5
2
4
3
1
1
3
2
2
3
9
2
2
3
1
0
1
0
0
2
12
2
0
1
2
0
1
1
2
2
13
3
1
2
2
1
3
3
3
1
7
2
2
0
2
3
0
0
2
1
8
2
2
1
1
1
0
1
1
3
13
0
0
4
1
2
1
1
0
2
5
0
1
1
1
0
1
0
1
1
10
1
1
1
1
3
1
3
0
1
11
1
0
0
1
0
3
2
2
4
6
2
2
2
0
2
2
1
0
0
11
0
1
1
0
0
0
2
5
2
10
2
1
0
0
0
2
0
0
1
12
1
1
2
0
1
0
1
0
1
7
0
0
1
0
1
1
2
0
0
22
0
2
0
1
0
1
2
2
1
6
0
1
4
1
1
1
3
1
0
5
0
1
1
1
1
1
0
1
1
10
0
4
3
2
2
0
3
2
4
12
1
5
2
0
2
2
2
1
1
9
0
3
5
1
1
1
0
3
2
13
2
3
2
2
3
1
2
1
1
8
0
1
2
2
1
0
0
1
3
8
2
2
2
0
0
0
1
4
2
8
1
0
1
0
2
1
1
0
0
5
1
4
0
0
1
2
0
0
1
13
0
0
0
2
0
3
0
0
0
12
1
0
1
1
1
0
1
1
2
7
1
0
2
1
0
1
0
0
2
6
0
1
2
2
1
2
1
0
0
8
1
1
1
1
0
1
1
3
1
7
0
3
0
1
1
0
0
1
1
5
1
2
2
0
1
1
0
3
0
7
2
1
1
0
0
2
0
2
1
5
1
1
0
0
0
2
0
1
2
10
0
1
0
1
0
1
1
0
1
11
0
0
2
1
1
0
1
0
2
13
2
0
1
0
0
1
1
0
0
7
3
1
1
3
0
2
0
1
2
1
1
1
0
2
2
0
0
0
1
5
1
1
2
0
0
0
0
0
1
3
4
0
0
0
0
3
0
1
1
5
3
1
0
1
1
1
1
0
1
9
2
1
0
2
1
0
1
2
6
5
0
1
0
0
2
0
1
3
1
6
1
1
1
0
2
1
3
0
0
4
3
2
0
1
1
1
0
3
1
5
3
0
0
0
1
2
0
1
1
6
1
0
0
0
0
1
0
0
0
3
0
0
0
1
0
1
0
0
1
6
1
0
0
0
0
0
0
1
0
7
2
5
1
2
0
0
0
0
0
3
0
0
1
1
1
2
1
2
1
3
0
1
0
1
1
2
1
2
0
5
2
0
0
0
0
0
0
1
1
5
0
0
1
0
1
0
1
1
2
4
2
0
1
0
1
0
2
2
0
6
1
0
0
0
0
0
0
0
0
2
1
0
1
1
1
1
1
1
1
6
0
0
0
1
0
0
0
1
1
2
1
0
0
0
1
2
0
0
1
4
0
1
1
1
0
1
1
1
1
7
0
1
1
0
1
1
2
1
1
5
2
0
0
0
0
1
3
0
0
3
0
0
0
0
1
1
1
3
1
5
0
1
0
0
0
0
1
1
1
4
1
0
0
0
0
3
0
2
0
6
0
0
1
1
2
1
1
0
0
7
2
0
2
2
0
2
1
1
3
8
0
2
1
0
0
4
0
1
0
4
0
1
1
1
1
3
0
1
1
5
1
2
0
0
0
0
0
1
1
4
0
1
0
0
0
1
1
0
0
5
1
3
0
0
0
0
0
1
1
3
0
1
2
0
1
0
0
1
0
3
0
0
1
2
0
1
1
1
0
5
0
1
0
0
2
0
0
1
1
7
1
0
1
0
0
0
2
1
2
6
1
1
1
1
0
1
1
1
2
6
0
0
0
1
1
0
4
1
0
2
1
0
3
0
1
0
2
0
0
4
0
2
0
0
1
0
0
0
0
2
2
1
0
1
0
0
1
0
1
1
0
0
0
1
2
1
0
1
1
3
0
0
1
2
0
1
0
0
1
5
0
1
0
0
0
1
0
0
2
4
1
0
0
0
0
1
1
2
0
5
0
2
1
2
2
1
0
2
0
4
0
0
1
2
0
0
1
0
0
1
0
1
0
1
0
0
2
0
0
1
0
0
0
0
0
2
0
4
0
4
0
0
0
1
0
3
1
0
1
1
1
1
0
0
0
1
0
0
0
5
0
1
1
1
0
1
0
1
1
4
0
1
0
0
0
2
0
2
0
3
0
0
1
0
0
0
1
0
0
4
1
0
0
1
1
0
0
0
0
5
0
1
1
0
0
0
0
0
2
4
0
0
1
1
0
1
0
0
0
4
0
0
0
0
1
0
0
0
0
3
0
0
1
0
1
0
0
0
1
0
0
1
1
1
0
1
0
1
1
1
1
1
0
0
1
0
0
1
1
1
0
0
2
1
1
1
2
0
0
3
1
0
0
0
1
2
1
0
0
1
2
0
1
0
0
1
0
1
0
2
0
0
0
0
0
0
0
0
0
7
1
1
0
1
1
1
0
1
0
6
1
1
1
0
2
0
2
0
0
3
0
0
0
0
0
0
0
0
1
4
0
1
0
0
0
0
2
0
1
3
0
0
0
1
0
0
1
2
1
0
0
0
1
0
0
1
0
0
0
1
0
1
0
1
0
1
3
0
0
1
0
0
2
1
0
0
0
0
1
5
0
1
0
0
1
1
1
1
0
1
0
1
0
2
1
1
0
0
0
3
0
0
0
0
1
0
0
1
0
2
0
1
1
1
0
2
0
1
1
4
0
0
0
0
1
0
0
1
0
2
1
1
0
1
0
0
0
0
0
3
0
0
0
0
0
0
0
0
0
0
0
0
0
0
0
0
1
0
1
3
0
0
1
0
0
0
1
0
0
4
0
0
0
0
0
0
0
0
0
2
1
0
0
0
0
0
0
1
1
3
1
0
0
0
0
1
0
1
0
1
0
0
1
1
0
0
0
1
0
3
1
0
0
0
0
0
0
0
0
4
0
0
0
0
0
0
1
0
1
2
1
1
1
0
1
3
1
0
0
4
0
0
1
1
0
0
0
0
0
4
1
0
0
0
0
0
0
0
0
2
0
0
1
0
0
0
0
0
0
0
0
0
0
0
1
0
0
0
0
2
0
0
0
0
0
0
0
0
0
1
0
0
0
0
0
0
0
0
2
6
1
1
0
0
0
0
0
0
1
3
0
0
0
0
1
1
0
1
0
5
0
0
0
0
0
0
0
0
0
3
1
0
0
0
0
1
0
0
0
4
0
0
0
1
0
0
0
0
0
2
0
0
0
0
0
2
0
0
1
3
0
0
0
0
1
1
0
1
0
0
0
0
0
0
1
0
0
0
1
6
0
0
0
0
0
0
0
1
0
2
1
1
0
0
0
0
0
0
0
4
0
1
0
0
1
0
1
0
0
3
0
0
0
0
0
0
0
0
0
0
0
0
0
0
1
1
0
0
0
3
0
0
0
1
0
0
0
0
0
3
0
0
0
0
1
0
0
2
1
0
0
0
1
0
1
0
0
0
0
3
0
0
1
0
0
0
0
0
0
2
0
0
1
1
0
0
0
0
0
2
0
0
0
0
0
1
0
0
1
0
0
0
0
0
0
0
0
0
1
2
0
0
1
0
0
1
0
0
1
2
1
0
0
0
0
0
0
0
0
2
0
0
0
0
0
0
0
0
0
5
0
0
0
0
1
0
0
0
1
0
0
0
0
0
0
1
0
0
1
3
0
0
0
0
0
0
0
1
1
5
0
0
0
0
0
0
0
1
0
0
0
0
0
0
0
0
1
0
0
2
1
1
0
0
0
0
0
0
2
0
0
0
0
0
0
0
0
0
0
2
0
1
1
0
0
0
0
0
0
1
0
0
1
1
0
0
0
1
0
5
1
0
0
0
0
0
0
0
0
3
1
0
0
0
1
0
0
0
2
0
0
0
0
1
0
0
0
0
1
0
0
0
0
0
0
0
0
0
0
2
0
0
0
0
0
0
0
0
0
1
0
0
0
0
0
0
0
0
0
1
0
0
0
0
0
1
0
0
1
0
0
0
0
0
0
0
0
0
0
3
0
0
0
0
1
0
0
0
0
2
0
0
0
0
0
0
1
0
0
4
0
0
1
0
0
0
0
0
0
2
0
0
0
0
0
0
0
0
2
0
0
2
0
0
0
2
0
0
0
1
0
0
0
0
0
0
0
0
0
3
0
0
0
1
0
0
0
0
0
0
0
0
0
0
0
0
0
0
0
3
0
0
0
0
0
0
0
0
1
0
0
1
0
0
1
0
0
0
0
0
0
0
1
0
0
0
0
0
0
0
2
0
0
0
0
0
0
0
0
1
0
0
0
0
0
0
0
0
0
0
0
0
2
0
0
1
0
0
1
0
1
1
0
0
0
0
0
0
0
1
0
0
0
0
0
1
2
0
0
2
0
0
0
1
0
0
0
0
0
2
0
0
0
0
0
0
1
0
0
4
0
0
0
0
0
0
0
0
0
0
0
0
0
0
0
0
0
0
0
0
0
0
0
0
0
1
0
0
0
5
0
0
0
0
0
0
0
0
0
3
0
0
0
0
0
0
0
1
0
2
0
1
0
0
0
0
0
0
2
0
0
0
0
0
0
0
0
0
0
4
0
1
0
0
0
2
0
0
1
0
1
0
0
0
0
0
0
0
0
2
0
1
0
0
1
0
0
0
0
2
0
0
0
0
0
1
0
0
3
0
0
0
0
0
0
0
0
0
0
0
0
0
0
0
0
0
1
0
0
3
1
0
0
0
0
0
0
0
0
1
0
0
0
0
0
0
0
1
0
1
0
0
0
0
0
2
0
0
1
0
0
0
0
0
0
0
1
0
0
1
0
0
0
0
0
0
0
0
0
1
0
0
0
0
0
0
0
0
0
0
0
0
0
0
0
0
0
0
0
1
0
0
0
0
1
0
0
0
0
0
0
0
0
0
0
0
0
0
0
1
0
0
0
0
0
0
0
0
1
0
0
0
0
0
0
0
0
0
0
1
0
0
0
0
0
0
0
0
0
1
0
0
0
0
0
0
0
1
2
0
1
0
0
0
0
0
0
0
0
1
0
1
1
0
0
1
0
0
1
2
0
0
1
0
0
0
0
0
0
0
0
0
0
0
1
0
0
0
0
3
0
1
0
0
0
0
0
0
1
0
0
0
0
0
0
0
0
0
0
0
0
0
0
0
0
0
0
0
0
1
0
0
0
1
0
0
0
0
0
2
0
1
0
0
0
0
0
1
0
0
0
0
0
0
0
1
0
0
4
0
0
0
0
0
0
0
0
0
0
2
0
0
0
0
1
0
0
0
0
2
0
0
1
0
0
0
0
0
0
1
0
0
0
0
1
0
0
0
0
3
0
0
0
0
0
0
0
0
0
0
0
0
0
1
0
0
0
0
0
0
0
0
0
0
0
0
0
0
0
2
0
0
0
1
0
0
0
0
0
0
0
0
0
0
0
0
0
1
0
1
0
0
0
0
0
0
0
1
0
0
0
1
0
1
0
0
0
0
0
1
0
0
0
0
0
0
0
1
0
2
0
0
0
0
0
0
0
0
0
1
0
0
1
0
0
0
1
1
0
2
0
0
0
0
0
1
0
0
2
0
0
0
0
0
0
0
0
0
0
4
0
0
0
0
1
0
0
0
0
0
0
0
0
0
0
0
0
0
0
0
0
0
0
0
0
0
0
0
0
1
1
0
0
1
0
0
0
0
2
0
0
0
0
0
0
0
0
0
0
1
0
0
0
0
0
0
0
0
0
1
0
0
0
0
0
0
0
0
0
1
0
1
0
0
0
0
1
0
0
1
0
0
0
0
0
0
0
0
2
0
0
0
0
0
0
0
0
1
0
1
0
1
0
0
0
0
1
0
1
3
0
0
0
0
0
0
0
0
0
1
0
0
0
0
0
0
0
0
0
2
0
0
0
0
0
0
0
0
1
0
0
0
0
0
0
0
0
0
0
0
0
0
1
0
0
0
0
0
0
1
0
0
0
0
0
0
0
0
0
1
0
0
0
1
1
0
0
0
0
1
0
0
0
0
0
0
0
0
1
0
0
0
0
0
1
1
0
0
0
0
0
0
0
0
0
0
0
0
0
1
0
0
0
0
0
0
0
0
0
0
0
0
0
0
0
0
1
0
0
1
0
0
0
0
0
0
0
0
2
0
0
0
0
0
0
0
0
0
0
1
0
0
0
0
1
0
0
0
0
3
0
0
0
0
0
0
0
0
0
0
0
0
0
0
0
0
0
0
0
0
1
0
0
0
0
0
0
0
1
0
0
0
0
0
0
0
0
0
0
0
0
0
0
0
0
0
0
0
0
0
0
0
0
0
0
0
0
0
0
0
0
0
0
0
0
0
0
0
0
1
0
0
0
0
0
0
0
0
1
0
0
0
0
0
1
0
0
0
0
2
0
0
0
0
0
0
0
0
0
2
0
0
1
0
0
0
0
0
0
2
0
0
1
0
0
0
0
1
0
0
0
0
0
0
0
0
0
0
3
0
1
1
0
0
1
0
0
1
0
1
0
0
0
0
0
0
0
0
0
0
0
0
0
0
0
1
0
0
0
0
0
0
0
0
1
0
0
0
0
0
0
0
0
0
0
0
0
0
2
0
0
0
0
0
0
0
1
0
0
0
0
0
0
0
0
0
0
0
0
2
0
0
0
0
0
1
0
0
0
0
0
0
0
0
0
0
0
0
0
2
0
0
0
0
0
0
0
0
0
0
0
0
1
0
0
0
0
0
0
0
0
0
0
0
0
0
0
0
0
0
1
0
0
0
0
0
0
0
0
2
0
0
0
0
0
0
0
0
0
1
0
0
0
1
0
0
0
0
0
0
0
0
0
0
0
0
0
0
0
0
0
0
0
0
0
0
1
0
0
2
0
0
0
0
0
0
0
0
0
1
0
0
0
0
0
0
0
1
0
0
0
0
0
0
0
0
0
0
0
0
0
0
0
0
0
0
1
0
0
0
0
0
0
0
0
0
0
0
0
0
0
0
0
0
0
0
1
0
1
0
0
0
0
1
0
0
0
0
0
1
0
1
0
0
0
0
0
1
1
0
0
0
0
0
0
0
1
0
0
0
0
0
0
0
0
0
0
1
0
1
0
0
0
0
0
1
0
0
0
0
0
0
0
0
1
0
1
0
0
1
0
0
0
0
0
0
0
0
0
0
0
0
0
0
0
0
0
1
0
0
0
0
0
0
0
0
0
0
0
1
0
0
0
0
0
0
0
0
0
2
1
0
0
0
0
0
0
0
0
0
0
0
0
0
0
0
0
0
1
0
0
0
0
0
0
0
0
0
0
0
0
0
0
0
0
0
0
0
0
0
0
0
0
0
0
0
0
0
0
1
0
0
0
0
0
0
0
0
0
0
0
0
0
0
0
0
0
0
0
0
0
0
0
1
0
0
0
0
0
0
0
0
0
0
0
0
0
0
0
0
0
0
0
0
0
0
0
0
0
0
0
0
1
0
0
0
0
0
0
1
0
0
0
0
0
0
0
0
0
0
0
0
0
0
0
0
0
0
0
1
0
0
1
0
1
0
0
0
0
2
0
0
0
0
0
0
0
0
0
2
0
0
0
0
0
0
0
0
0
1
1
0
0
0
0
0
1
0
0
1
0
1
0
0
0
0
0
0
0
2
1
0
0
0
0
0
0
0
0
0
0
0
0
0
0
0
0
0
0
1
0
0
0
0
0
0
0
0
0
1
0
0
0
0
0
0
0
0
0
0
1
0
0
0
0
0
0
0
0
1
0
0
0
0
0
0
0
0
0
1
0
0
0
0
0
0
0
0
0
2
0
0
0
0
0
0
0
0
0
2
0
0
0
0
0
0
0
0
0
0
0
0
1
1
0
0
0
0
0
1
0
0
0
0
0
0
0
0
0
0
0
0
0
0
0
0
0
0
0
1
0
0
0
0
0
0
0
0
0
1
0
0
0
0
0
0
0
0
0
0
0
0
0
0
0
0
0
0
1
0
0
0
0
0
0
0
0
0
0
0
0
0
1
0
0
0
0
0
0
1
0
1
0
0
0
0
0
0
0
0
0
1
0
0
0
0
0
0
0
0
0
0
0
0
0
0
0
0
0
1
0
1
0
0
0
0
0
0
0
0
0
0
0
0
0
0
0
0
0
1
0
1
0
0
0
0
0
0
0
0
0
0
0
0
1
0
0
0
0
1
0
0
0
0
0
0
0
0
0
1
0
0
0
0
1
0
0
0
0
0
0
0
0
0
0
0
0
0
0
2
0
0
0
1
0
0
0
0
0
2
0
0
0
0
0
0
0
1
0
2
0
0
0
0
0
0
0
0
0
0
0
1
0
0
0
0
0
0
0
2
0
0
0
0
0
0
0
0
0
2
1
0
0
1
0
0
0
0
0
1
0
0
0
0
0
0
0
0
0
1
0
0
0
0
0
0
0
0
0
0
0
0
0
0
0
0
0
0
0
1
0
0
0
0
0
0
0
0
0
1
0
0
0
0
0
1
0
0
0
0
0
0
0
0
0
0
0
0
0
2
0
0
0
0
0
0
0
0
0
1
0
0
0
0
0
0
0
0
0
2
0
0
0
0
0
0
0
0
0
1
0
0
0
0
0
0
0
1
0
1
0
0
0
0
0
0
0
0
0
1
0
0
0
0
0
0
0
0
0
2
0
0
0
0
0
0
0
0
0
0
0
0
0
0
0
0
0
0
0
0
0
0
0
0
0
0
0
0
0
2
0
0
0
0
0
0
0
0
0
1
0
0
0
0
0
0
0
0
0
0
0
0
0
0
0
0
0
0
0
1
0
0
0
0
0
0
0
0
0
1
0
0
0
0
0
0
0
0
0
0
0
0
0
0
0
0
0
0
0
1
0
0
0
0
0
0
0
0
0
0
0
0
0
0
0
0
0
0
0
0
0
0
0
0
0
0
0
0
0
0
0
0
0
0
0
0
0
0
0
0
0
0
0
0
0
0
0
0
0
1
0
0
0
0
0
0
0
0
1
0
0
0
0
0
0
0
0
0
0
0
0
0
0
0
0
0
0
0
0
0
0
0
0
0
0
0
0
0
0
4
0
0
0
0
0
0
0
0
0
2
0
0
0
0
0
0
0
0
0
0
0
0
0
0
0
0
0
0
0
0
0
0
0
0
0
0
0
0
0
0
0
0
0
0
0
0
0
0
0
0
0
0
0
0
0
0
0
0
0
0
0
0
0
0
0
0
0
0
0
1
0
0
0
0
0
0
0
0
0
0
0
0
0
0
0
0
0
0
0
0
0
0
0
0
0
0
0
0
0
0
0
0
0
0
1
0
0
0
0
0
0
0
0
0
0
0
0
0
0
2
0
0
0
0
0
0
0
0
0
0
0
0
0
0
0
0
0
0
0
0
0
0
0
0
0
0
0
0
0
2
0
0
0
0
0
0
0
0
0
0
0
0
0
0
0
0
0
0
0
2
0
0
0
0
0
0
0
0
0
0
0
0
0
0
0
0
0
0
0
0
0
0
0
0
0
0
0
0
0
0
0
0
0
0
0
0
0
0
0
0
1
0
0
0
0
0
0
0
0
0
0
0
0
0
0
0
0
0
0
2
0
0
0
0
0
0
0
0
0
1
0
0
0
0
0
0
0
0
0
1
0
0
0
0
0
0
0
1
0
1
0
0
0
0
0
0
0
1
0
0
0
0
0
0
0
0
0
0
0
1
0
0
0
0
0
1
0
0
0
0
0
0
0
0
0
0
0
0
0
0
0
0
0
0
0
0
0
0
1
0
0
0
0
0
0
0
0
0
0
1
0
0
0
0
0
0
0
0
0
1
0
0
0
0
0
0
0
0
0
1
0
0
0
0
0
0
0
0
1
1
0
0
0
0
0
0
0
0
0
0
0
0
0
0
0
0
0
0
0
1
0
0
0
0
0
0
0
0
0
0
0
0
0
0
0
0
0
0
0
1
0
0
0
0
0
0
0
0
0
0
0
0
0
0
0
0
0
0
0
0
0
0
0
0
0
0
0
0
0
0
0
0
0
0
0
0
0
0
0
0
0
1
0
0
0
0
0
0
0
0
0
0
0
0
0
0
0
0
0
0
0
0
0
0
0
0
0
0
0
0
0
0
0
0
0
0
0
0
0
0
0
0
0
0
0
0
0
0
0
1
0
0
0
0
0
0
0
0
0
0
0
0
0
0
0
0
0
0
0
0
0
0
0
0
0
0
0
0
0
0
0
0
0
0
0
0
0
0
0
1
0
0
0
0
0
0
0
0
0
0
0
0
0
0
0
0
0
0
0
0
0
0
1
0
0
0
0
0
0
0
0
1
0
0
0
0
0
0
0
0
0
0
0
0
0
0
0
0
0
1
0
0
0
0
0
0
0
0
0
0
0
0
0
0
0
0
0
0
0
0
0
0
0
0
0
0
0
0
0
2
0
0
0
0
0
0
0
0
0
0
0
0
0
0
0
0
0
0
0
0
0
0
0
0
0
0
0
0
0
0
0
0
0
0
0
0
0
0
0
1
0
0
0
0
0
0
0
0
0
2
0
0
0
1
0
0
0
0
0
0
0
0
0
0
0
0
0
0
0
3
0
0
0
0
0
0
0
0
0
0
0
0
0
0
0
0
0
0
0
0
0
0
0
0
0
0
0
0
0
0
0
0
0
0
0
0
0
0
0
0
0
0
0
0
0
0
0
0
0
1
0
0
0
0
0
0
0
0
0
0
0
0
0
0
1
0
0
0
0
0
0
0
0
0
0
0
0
0
0
1
0
1
0
0
0
0
0
0
0
0
0
0
0
0
0
0
0
0
0
0
0
0
0
0
0
0
0
0
0
0
0
0
0
0
0
0
0
0
0
1
0
0
0
0
0
0
0
0
0
0
0
0
0
0
0
0
0
0
0
0
0
0
0
0
0
0
0
0
0
0
0
0
0
0
0
0
0
0
0
0
0
0
0
0
0
0
0
0
0
1
0
0
0
0
0
0
0
0
0
0
0
0
0
0
0
0
0
0
0
0
0
0
0
0
0
0
0
0
0
1
0
0
0
0
0
0
0
0
0
1
0
0
0
0
0
0
0
0
0
0
0
0
0
0
0
0
0
0
0
0
0
0
0
0
0
0
0
0
0
1
0
0
0
0
0
0
0
0
0
1
0
0
0
0
0
0
0
0
0
0
0
0
0
0
0
0
0
0
0
1
0
0
0
0
0
0
0
0
0
0
0
0
0
0
0
0
0
0
0
0
0
0
0
0
0
0
0
0
0
1
0
0
0
0
0
0
0
0
0
0
0
0
0
0
0
0
0
0
0
0
0
0
0
0
0
0
0
0
0
0
0
0
0
0
0
0
0
0
0
0
0
0
0
0
0
0
0
0
0
0
0
0
0
0
0
0
0
0
0
3
0
0
0
0
0
0
0
0
0
0
0
0
0
0
0
0
0
0
0
2
0
0
0
0
0
0
0
0
0
1
0
0
0
0
0
0
0
0
0
1
0
0
0
0
0
0
0
0
0
0
0
0
0
0
0
0
0
0
0
0
0
0
0
0
0
0
0
0
0
0
0
0
0
0
0
0
0
0
0
0
0
0
0
0
0
0
0
0
0
0
0
0
0
0
0
0
0
0
0
0
0
0
1
0
0
0
0
0
0
0
0
0
0
0
0
0
0
0
0
1
0
0
0
0
0
0
0
0
0
0
0
0
0
0
0
0
0
0
0
0
0
0
0
0
0
0
0
0
0
0
0
0
0
0
0
0
0
0
0
0
0
0
0
0
0
0
0
0
0
0
0
0
0
0
0
0
0
0
0
0
0
0
0
0
0
0
0
0
0
0
0
0
0
0
0
0
0
0
0
0
0
0
0
0
0
0
0
0
0
0
0
0
0
0
0
0
0
0
0
1
0
0
0
0
0
0
0
0
0
0
0
0
0
0
0
0
0
0
0
0
0
0
0
0
0
0
0
0
0
0
0
0
0
0
0
0
0
0
0
0
0
0
0
0
0
0
0
0
0
0
0
0
0
0
0
0
0
0
0
0
0
0
0
0
0
0
0
0
0
0
0
0
0
0
0
0
0
0
0
0
0
0
0
0
0
0
0
0
0
0
0
0
0
0
0
0
0
0
0
0
0
0
0
0
0
0
0
0
0
0
0
0
0
0
0
0
0
0
0
0
0
0
0
0
0
0
0
0
0
0
0
0
0
0
0
0
0
0
0
0
0
0
0
0
0
0
0
0
0
0
0
0
0
0
0
0
0
0
0
0
0
0
0
0
0
0
0
0
0
0
0
0
0
0
0
0
0
0
0
0
0
0
0
0
0
0
0
0
0
0
0
0
0
0
0
0
0
0
0
0
0
0
0
0
0
0
0
0
0
0
0
0
0
0
0
0
0
0
0
0
0
0
0
0
0
0
0
0
0
0
0
0
0
0
0
0
0
0
0
0
0
0
0
0
0
0
0
0
0
0
0
0
0
0
0
0
0
0
0
0
0
0
0
0
0
0
0
0
0
0
0
0
0
0
0
0
0
0
0
0
0
0
0
0
0
0
0
0
0
0
0
0
0
0
0
0
0
0
0
0
0
0
0
0
0
0
0
0
0
0
0
0
0
0
0
0
0
0
0
0
0
0
0
0
0
0
0
0
0
0
0
0
0
0
0
0
0
0
0
0
0
0
0
0
0
0
0
0
0
0
0
0
0
0
0
0
0
0
0
0
0
0
0
0
0
0
0
0
0
0
0
0
0
0
0
0
0
0
0
0
0
0
0
0
0
0
0
0
0
0
0
0
0
0
0
0
0
0
0
0
0
0
0
0
0
0
0
0
0
0
0
0
0
0
0
0
0
0
0
0
0
0
0
0
0
0
0
0
0
0
0
0
0
0
0
0
0
0
0
0
0
0
0
0
0
0
0
0
0
0
0
0
0
0
0
0
0
0
0
0
0
0
0
0
0
0
0
0
0
0
0
0
0
0
0
0
0
0
0
0
0
0
0
0
0
0
0
0
0
0
0
0
0
0
0
0
0
0
0
0
0
0
0
0
0
0
0
0
0
0
0
0
0
0
0
0
0
0
0
0
0
0
0
0
0
0
0
0
0
0
0
0
0
0
0
0
0
0
0
0
0
0
0
0
0
0
0
0
0
0
0
0
0
0
0
0
0
0
0
0
0
0
0
0
0
0
0
0
0
0
0
0
0
0
0
0
0
0
0
0
0
0
0
0
0
0
0
0
0
0
0
0
0
0
0
0
0
0
0
0
0
0
0
0
0
0
0
0
0
0
0
0
0
0
0
0
0
0
0
0
0
0
0
0
0
0
0
0
0
0
0
0
0
0
0
0
0
0
0
0
0
0
0
0
0
0
0
0
0
0
0
0
0
0
0
0
0
0
0
0
0
0
0
0
0
0
0
0
0
0
0
0
0
0
0
0
0
0
0
0
0
0
0
0
0
0
0
0
0
0
0
0
0
0
0
0
0
0
0
0
0
0
0
0
0
0
0
0
0
0
0
0
0
0
0
0
0
0
0
0
0
0
0
0
0
0
0
0
0
0
0
0
0
0
0
0
0
0
0
0
0
0
0
0
0
0
0
0
0
0
0
0
0
0
0
0
0
0
0
0
0
0
0
0
0
0
0
0
0
0
0
0
0
0
0
0
0
0
0
0
0
0
0
0
0
0
0
0
0
0
0
0
0
0
0
0
0
0
0
0
0
0
0
0
0
0
0
0
0
0
0
0
0
0
0
0
0
0
0
0
0
0
0
0
0
0
0
0
0
0
0
0
0
0
0
0
0
0
0
0
0
0
0
0
0
0
0
0
0
0
0
0
0
0
0
0
0
0
0
0
0
0
0
0
0
0
0
0
0
0
0
0
0
0
0
0
0
0
0
0
0
0
0
0
0
0
0
0
0
0
0
0
0
0
0
0
0
0
0
0
0
0
0
0
0
0
0
0
0
0
0
0
0
0
0
0
0
0
0
0
0
0
0
0
0
0
0
0
0
0
0
0
0
0
0
0
0
0
0
0
0
0
0
0
0
0
0
0
0
0
0
0
0
0
0
0
0
0
0
0
0
0
0
0
0
0
0
0
0
0
0
0
0
0
0
0
0
0
0
0
0
0
0
0
0
0
0
0
0
0
0
0
0
0
0
0
0
0
0
0
0
0
0
0
0
0
0
0
0
0
0
0
0
0
0
0
0
0
0
0
0
0
0
0
0
0
0
0
0
0
0
0
0
0
0
0
0
0
0
0
0
0
0
0
0
0
0
0
0
0
0
0
0
0
0
0
0
0
0
0
0
0
0
0
0
0
0
0
0
0
0
0
0
0
0
0
0
0
0
0
0
0
0
0
0
0
0
0
0
0
0
0
0
0
0
0
0
0
0
0
1
0
0
0
0
0
0
0
0
0
0
0
0
0
0
0
0
0
0
0
0
0
0
0
0
0
0
0
0
0
0
0
0
0
0
0
0
0
0
0
0
0
0
0
0
0
0
0
0
0
0
0
0
0
0
0
0
0
0
0
0
0
0
0
0
0
0
0
0
0
0
0
0
0
0
0
0
0
0
0
0
0
0
0
0
0
0
0
0
0
0
0
0
0
0
0
0
0
0
0
0
0
0
0
0
0
0
0
0
0
0
0
0
0
0
0
0
0
0
0
0
0
0
0
0
0
0
0
0
0
0
0
0
0
0
0
0
0
0
0
0
0
0
0
0
0
0
0
0
0
0
0
0
0
0
0
0
0
0
0
0
0
0
0
0
0
0
0
0
0
0
0
0
0
0
0
0
0
0
0
0
0
0
0
0
0
0
0
0
0
0
0
0
0
0
0
0
0
0
0
0
0
0
0
0
0
0
0
0
0
0
0
0
0
0
0
0
0
0
0
0
0
0
0
0
0
0
0
0
0
0
0
0
0
0
0
0
0
0
0
0
0
0
0
0
0
0
0
0
0
0
0
0
0
0
0
0
0
0
0
0
0
0
0
0
0
0
0
0
0
0
0
0
0
0
0
0
0
0
0
0
0
0
0
0
0
0
0
0
0
0
0
0
0
0
0
0
0
0
0
0
0
0
0
0
0
0
0
0
0
0
0
0
0
0
0
0
0
0
0
0
0
0
0
0
0
0
0
0
0
0
0
0
0
0
0
0
0
0
0
0
0
0
0
0
0
0
0
0
0
0
0
0
0
0
0
0
0
0
0
0
0
0
0
0
0
0
0
0
0
0
0
0
0
0
0
0
0
0
0
0
0
0
0
0
0
0
0
0
0
0
0
0
0
0
0
0
0
0
0
0
0
0
0
0
0
0
0
0
0
0
0
0
0
0
0
0
0
0
0
0
0
0
0
0
0
0
0
0
0
0
0
0
0
0
0
0
0
0
0
0
0
0
0
0
0
0
0
0
0
0
0
0
0
0
0
0
0
0
0
0
0
0
0
0
0
0
0
0
0
0
0
0
0
0
0
0
0
0
0
0
0
0
0
0
0
0
0
0
0
0
0
0
0
0
0
0
0
0
1
0
0
0
0
0
0
0
0
0
0
0
0
0
0
0
0
0
0
0
0
0
0
0
0
0
0
0
0
0
0
0
0
0
0
0
0
0
0
0
0
0
0
0
0
0
0
0
0
0
0
0
0
0
0
0
0
0
0
0
0
0
0
0
0
0
0
0
0
0
0
0
0
0
0
0
0
0
0
0
0
0
0
0
0
0
0
0
0
0
0
0
0
0
0
0
0
0
0
0
0
0
0
0
0
0
0
0
0
0
0
0
0
0
0
0
0
0
0
0
0
0
0
0
0
0
0
0
0
0
0
0
0
0
0
0
0
0
0
0
0
0
0
0
0
0
0
0
0
0
0
0
0
0
0
0
0
0
0
0
0
0
0
0
0
0
0
0
0
0
0
0
0
0
0
0
0
0
0
0
0
0
0
0
0
0
0
0
0
0
0
0
0
0
0
0
0
0
0
0
0
0
0
0
0
0
0
0
0
0
0
0
0
0
0
0
0
0
0
0
0
0
0
0
0
0
0
0
0
0
0
0
0
0
0
0
0
0
0
0
0
0
0
0
0
0
0
0
0
0
0
0
0
0
0
0
0
0
0
0
0
0
0
0
0
0
0
0
0
0
0
0
0
0
0
0
0
0
0
0
0
0
0
0
0
0
0
0
0
0
0
0
0
0
0
0
0
0
0
0
0
0
0
0
0
0
0
0
0
0
0
0
0
0
0
0
0
0
0
0
0
0
0
0
0
0
0
0
0
0
0
0
0
0
0
0
0
0
0
0
0
0
0
0
0
0
0
0
0
0
0
0
0
0
0
0
0
0
0
0
0
0
0
0
0
0
0
0
0
0
0
0
0
0
0
0
0
0
0
0
0
0
0
0
0
0
0
0
0
0
0
0
0
0
0
0
0
0
0
0
0
0
0
0
0
0
0
0
0
0
0
0
0
0
0
0
0
0
0
0
0
0
0
0
0
0
0
0
0
0
0
0
0
0
0
0
0
0
0
0
0
0
0
0
0
0
0
0
0
0
0
0
0
0
0
0
0
0
0
0
0
0
0
0
0
0
0
0
0
0
0
0
0
0
0
0
0
0
0
0
0
0
0
0
0
0
0
0
0
0
0
0
0
0
0
0
0
0
0
0
0
0
0
0
0
0
0
0
0
0
0
0
0
0
0
0
0
0
0
0
0
0
0
0
0
0
0
0
0
0
0
0
0
0
0
0
0
0
0
0
0
0
0
0
0
0
0
0
0
0
0
0
0
0
0
0
0
0
0
0
0
0
0
0
0
0
0
0
0
0
0
0
0
0
0
0
0
0
0
0
0
0
0
0
0
0
0
0
0
0
0
0
0
0
0
0
0
0
0
0
0
0
0
0
0
0
0
0
0
0
0
0
0
0
0
0
0
0
0
0
0
0
0
0
0
0
0
0
0
0
0
0
0
0
0
0
0
0
0
0
0
0
0
0
0
0
0
0
0
0
0
0
0
0
0
0
0
0
0
0
0
0
0
0
0
0
0
0
0
0
0
0
0
0
0
0
0
0
0
0
0
0
0
0
0
0
0
0
0
0
0
0
0
0
0
0
0
0
0
0
0
0
0
0
0
0
0
0
0
0
0
0
0
0
0
0
0
0
0
0
0
0
0
0
0
0
0
0
0
0
0
0
0
0
0
0
0
0
0
0
0
0
0
0
0
0
0
0
0
0
0
0
0
0
0
0
0
0
0
0
0
0
0
0
0
0
0
0
0
0
0
0
0
0
0
0
0
0
0
0
0
0
0
0
0
0
0
0
0
0
0
0
0
0
0
0
0
0
0
0
0
0
0
0
0
0
0
0
0
0
0
0
0
0
0
0
0
0
0
0
0
0
0
0
0
0
0
0
0
0
0
0
0
0
0
0
0
0
0
0
0
0
0
0
0
0
0
0
0
0
0
0
0
0
0
0
0
0
0
0
0
0
0
0
0
0
0
0
0
0
0
0
0
0
0
0
0
0
0
0
0
0
0
0
0
0
0
0
0
0
0
0
0
0
0
0
0
0
0
0
0
0
0
0
0
0
0
0
0
0
0
0
0
0
0
0
0
0
0
0
0
0
0
0
0
0
0
0
0
0
0
0
0
0
0
0
0
0
0
0
0
0
0
0
0
0
0
0
0
0
0
0
0
0
0
0
0
0
0
0
0
0
0
0
0
0
0
0
0
0
0
0
0
0
0
0
0
0
0
0
0
0
0
0
0
0
0
0
0
0
0
0
0
0
0
0
0
0
0
0
0
0
0
0
0
0
0
0
0
0
0
0
0
0
0
0
0
0
0
0
0
0
0
0
0
0
0
0
0
0
0
0
0
0
0
0
0
0
0
0
0
0
0
0
0
0
0
0
0
0
0
0
0
0
0
0
0
0
0
0
0
0
0
0
0
0
0
0
0
0
0
0
0
0
0
0
0
0
0
0
0
0
0
0
0
0
0
0
0
0
0
0
0
0
0
0
0
0
0
0
0
0
0
0
0
0
0
0
0
0
0
0
0
0
0
0
0
0
0
0
0
0
0
0
0
0
0
0
0
0
0
0
0
0
0
0
0
0
0
0
0
0
0
0
0
0
0
0
0
0
0
0
0
0
0
0
0
0
0
0
0
0
0
0
0
0
0
0
0
0
0
0
0
0
0
0
0
0
0
0
0
0
0
0
0
0
0
0
0
0
0
0
0
0
0
0
0
0
0
0
0
0
0
0
0
0
0
0
0
0
0
0
0
0
0
0
0
0
0
0
0
0
0
0
0
0
0
0
0
0
0
0
0
0
0
0
0
0
0
0
0
0
0
0
0
0
0
0
0
0
0
0
0
0
0
0
0
0
0
0
0
0
0
0
0
0
0
0
0
0
0
0
0
0
0
0
0
0
0
0
0
0
0
0
0
0
0
0
0
0
0
0
0
0
0
0
0
0
0
0
0
0
0
0
0
0
0
0
0
0
0
0
0
0
0
0
0
0
0
0
0
0
0
0
0
0
0
0
0
0
0
0
0
0
0
0
0
0
0
0
0
0
0
0
0
0
0
0
0
0
0
0
0
0
0
0
0
0
0
0
0
0
0
0
0
0
0
0
0
0
0
0
0
0
0
0
0
0
0
0
0
0
0
0
0
0
0
0
0
0
0
0
0
0
0
0
0
0
0
0
0
0
0
0
0
0
0
0
0
0
0
0
0
0
0
0
0
0
0
0
0
0
0
0
0
0
0
0
0
0
0
0
0
0
0
0
0
0
0
0
0
0
0
0
0
0
0
0
0
0
0
0
0
0
0
0
0
0
0
0
0
0
0
0
0
0
0
0
0
0
0
0
0
0
0
0
0
0
0
0
0
0
0
0
0
0
0
0
0
0
0
0
0
0
0
0
0
0
0
0
0
0
0
0
0
0
0
0
0
0
0
0
0
0
0
0
0
0
0
0
0
0
0
0
0
0
0
0
0
0
0
0
0
0
0
0
0
0
0
0
0
0
0
0
0
0
0
0
0
0
0
0
0
0
0
0
0
0
0
0
0
0
0
0
0
0
0
0
0
0
0
0
0
0
0
0
0
0
0
0
0
0
0
0
0
0
0
0
0
0
0
0
0
0
0
0
0
0
0
0
0
0
0
0
0
0
0
0
0
0
0
0
0
0
0
0
0
0
0
0
0
0
0
0
0
0
0
0
0
0
0
0
0
0
0
0
0
0
0
0
0
0
0
0
0
0
0
0
0
0
0
0
0
0
0
0
0
0
0
0
0
0
0
0
0
0
0
0
0
1
0
0
0
0
0
0
0
0
0
0
0
0
0
0
0
0
0
0
0
0
0
0
0
0
0
0
0
0
0
0
1
0
0
0
0
0
0
0
0
0
0
0
0
0
0
0
0
0
0
0
0
0
0
0
0
0
0
0
0
0
0
0
0
0
0
0
0
0
0
0
0
0
0
0
0
0
0
0
0
0
0
0
0
0
0
0
0
0
0
0
0
0
0
0
0
0
0
0
0
0
0
0
0
0
0
0
0
0
0
0
0
0
0
0
0
0
0
0
0
0
0
0
0
0
0
0
0
0
0
0
0
0
0
0
0
0
0
0
0
0
0
0
0
0
0
0
0
0
0
0
0
0
0
0
0
0
0
0
0
0
0
0
0
0
0
0
0
0
0
0
0
0
0
0
0
0
0
0
0
0
0
0
0
0
0
0
0
0
0
0
0
0
0
0
0
0
0
0
0
0
0
0
0
0
0
0
0
0
0
0
0
0
0
0
0
0
0
0
0
0
0
0
0
0
0
0
0
0
0
0
0
0
0
0
0
0
0
0
0
0
0
0
0
0
0
0
0
0
0
0
0
0
0
0
0
0
0
0
0
0
0
0
0
0
0
0
0
0
0
0
0
0
0
0
0
0
0
0
0
0
0
0
0
0
0
0
0
0
0
0
0
0
0
0
0
0
0
0
0
0
0
0
0
0
0
0
0
0
0
0
0
0
0
0
0
0
0
0
0
0
0
0
0
0
0
0
0
0
0
0
0
0
0
0
0
0
0
0
0
0
0
0
0
0
0
0
0
0
0
0
0
0
0
0
0
0
0
0
0
0
0
0
0
0
0
0
0
0
0
0
0
0
0
0
0
0
0
0
0
0
0
0
0
0
0
0
0
0
0
0
0
0
0
0
0
0
0
0
0
0
0
0
0
0
0
0
0
0
0
0
0
0
0
0
0
0
0
0
0
0
0
0
0
0
0
0
0
0
0
0
0
0
0
0
0
0
0
0
0
0
0
0
0
0
0
0
0
0
0
0
0
0
0
0
0
0
0
0
0
0
0
0
0
0
0
0
0
0
0
0
0
0
0
0
0
0
0
0
0
0
0
0
0
0
0
0
0
0
0
0
0
0
0
0
0
0
0
0
0
0
0
0
0
0
0
0
0
0
0
0
0
0
0
0
0
0
0
0
0
0
0
0
0
0
0
0
0
0
0
0
0
0
0
0
0
0
0
0
0
0
0
0
0
0
0
0
0
0
0
0
0
0
0
0
0
0
0
0
0
0
0
0
0
0
0
0
0
0
0
0
0
0
0
0
0
0
0
0
0
0
0
0
0
0
0
0
0
0
0
0
0
0
0
0
0
0
0
0
0
0
0
0
0
0
0
0
0
0
0
0
0
0
0
0
0
0
0
0
0
0
0
0
0
0
0
0
0
0
0
0
0
0
0
0
0
0
0
0
0
0
0
0
0
0
0
0
0
0
0
0
0
0
0
0
0
0
0
0
0
0
0
0
0
0
0
0
0
0
0
0
0
0
0
0
0
0
0
0
0
0
0
0
0
0
0
0
0
0
0
0
0
0
0
0
0
0
0
0
0
0
0
0
0
0
0
0
0
0
0
0
0
0
0
0
0
0
0
0
0
0
0
0
0
0
0
0
0
0
0
0
0
0
0
0
0
0
0
0
0
0
0
0
0
0
0
0
0
0
0
0
0
0
0
0
0
0
0
0
0
0
0
0
0
0
0
0
0
0
0
0
0
0
0
0
0
0
0
0
0
0
0
0
0
0
0
0
0
0
0
0
0
0
0
0
0
0
0
0
0
0
0
0
0
0
0
0
0
0
0
0
0
0
0
0
0
0
0
0
0
0
0
0
0
0
0
0
0
0
0
0
0
0
0
0
0
0
0
0
0
0
0
0
0
0
0
0
0
0
0
0
0
0
0
0
0
0
0
0
0
0
0
0
0
0
0
0
0
0
0
0
0
0
0
0
0
0
0
0
0
0
0
0
0
0
0
0
0
0
0
0
0
0
0
0
0
0
0
0
0
0
0
0
0
0
0
0
0
0
0
0
0
0
0
0
0
0
0
0
0
0
0
0
0
0
0
0
0
0
0
0
0
0
0
0
0
0
0
0
0
0
0
0
0
0
0
0
0
0
0
0
0
0
0
0
0
0
0
0
0
0
0
0
0
0
0
0
0
0
0
0
0
0
0
0
0
0
0
0
0
0
0
0
0
0
0
0
0
0
0
0
0
0
0
0
0
0
0
0
0
0
0
0
0
0
0
0
0
0
0
0
0
0
0
0
0
0
0
0
0
0
0
0
0
0
0
0
0
0
0
0
0
0
0
0
0
0
0
0
0
0
0
0
0
0
0
0
0
0
0
0
0
0
0
0
0
0
0
0
0
0
0
0
0
0
0
0
0
0
0
0
0
0
0
0
0
0
0
0
0
0
0
0
0
0
0
0
0
0
0
0
0
0
0
0
0
0
0
0
0
0
0
0
0
0
0
0
0
0
0
0
0
0
0
0
0
0
0
0
0
0
0
0
0
0
0
0
0
0
0
0
0
0
0
0
0
0
0
0
0
0
0
0
0
0
0
0
0
0
0
0
0
0
0
0
0
0
0
0
0
0
0
0
0
0
0
0
0
0
0
0
0
0
0
0
0
0
0
0
0
0
0
0
0
0
0
0
0
0
0
0
0
0
0
0
0
0
0
0
0
0
0
0
0
0
0
0
0
0
0
0
0
0
0
0
0
0
0
0
0
0
0
0
0
0
0
0
0
0
0
0
0
0
0
0
0
0
0
0
0
0
0
0
0
0
0
0
0
0
0
0
0
0
0
0
0
0
0
0
0
0
0
0
0
0
0
0
0
0
0
0
0
0
0
0
0
0
0
0
0
0
0
0
0
0
0
0
0
0
0
0
0
0
0
0
0
0
0
0
0
0
0
0
0
0
0
0
0
0
0
0
0
0
0
0
0
0
0
0
0
0
0
0
0
0
0
0
0
0
0
0
0
0
0
0
0
0
0
0
0
0
0
0
0
0
0
0
0
0
0
0
0
0
0
0
0
0
0
0
0
0
0
0
0
0
0
0
0
0
0
0
0
0
0
0
0
0
0
0
0
0
0
0
0
0
0
0
0
0
0
0
0
0
0
0
0
0
0
0
0
1
0
0
0
0
0
0
0
0
0
0
0
0
0
0
0
0
0
0
0
0
0
0
0
0
0
0
0
0
0
0
0
0
0
0
0
0
0
0
0
0
0
0
0
0
0
0
0
0
0
0
0
0
0
0
0
0
0
0
0
0
0
0
0
0
0
0
0
0
0
0
0
0
0
0
0
0
0
0
0
0
0
0
0
0
0
0
0
0
0
0
0
0
0
0
0
0
0
0
0
0
0
0
0
0
0
0
0
0
0
0
0
0
0
0
0
0
0
0
0
0
0
0
0
0
0
0
0
0
0
0
0
0
0
0
0
0
0
0
0
0
0
0
0
0
0
0
0
0
0
0
0
0
0
0
0
0
0
0
0
0
0
0
0
0
0
0
0
0
0
0
0
0
0
0
0
0
0
0
0
0
0
0
0
0
0
0
0
0
0
0
0
0
0
0
0
0
0
0
0
0
0
0
0
0
0
0
0
0
0
0
0
0
0
0
0
0
0
0
0
0
0
0
0
0
0
0
0
0
0
0
