2
10
10
23
21
25
43
44
42
16
78
19
108
47
9
138
37
37
47
21
294
27
55
20
138
73
36
47
23
17
799
29
44
52
69
35
159
84
51
29
447
61
124
53
41
250
76
52
188
60
158
101
99
87
103
93
86
62
68
44
4032
64
75
83
106
128
134
136
179
78
232
68
291
160
77
355
118
194
170
74
696
176
184
112
331
259
177
162
141
84
1847
146
195
228
252
158
411
230
180
148
887
203
295
175
189
594
260
190
482
207
356
322
313
340
271
258
235
233
165
140
7419
194
222
277
320
369
461
388
418
352
612
271
674
449
306
877
426
490
533
253
1289
456
510
368
839
636
547
540
535
299
2998
444
649
602
719
569
1096
646
654
387
1802
630
1014
675
585
1445
859
654
1195
752
1096
935
1012
929
1006
1015
952
870
582
473
11157
531
874
1023
1110
1132
1395
1275
1380
1129
1838
898
1962
1466
974
2125
1503
1533
1790
745
3154
1509
1667
1374
2604
1716
1859
1579
1809
807
5610
1607
1926
2195
2036
1693
2985
2053
2169
1345
3983
1953
2991
2029
1710
3900
2573
3547
1669
3534
1994
3201
2675
2501
3001
3038
3049
2426
1478
1045
18017
1493
2449
3073
3470
3265
3964
3357
3798
2666
5114
2444
5161
3827
5634
2305
3897
4121
5049
2033
7031
4260
4412
3411
5306
5140
4352
4601
4471
1840
11060
4008
5251
5098
4825
4213
7376
4984
4992
3255
9062
4966
7077
4736
4248
8291
6069
4008
8105
5128
7729
6162
7313
5674
6767
7333
6855
5457
3082
2048
32119
3041
5375
6958
7088
7912
8628
7443
7945
6645
10650
5373
10438
8837
5086
11610
8175
8560
10341
4068
14313
9367
8833
6855
11349
10949
9068
9346
9194
3754
20982
7664
10806
10130
9773
8309
14834
9767
12026
4929
16995
9591
14878
8914
7654
16005
12631
8008
14609
9947
15083
11637
14934
9545
13185
13614
12711
9468
5366
3414
54594
5512
9078
12396
13602
13962
15722
13651
14956
11325
18881
9886
19004
15541
7814
21774
14868
14751
19215
6329
24841
16327
16287
10257
19214
19805
14404
17448
14927
6147
35598
12564
18596
17538
16458
14174
24504
17179
17614
7664
31068
21523
18914
14752
12456
26650
20032
13012
23353
27966
14109
19107
22280
24546
14954
20864
20385
13955
8332
6980
84530
8921
13649
18640
20787
20805
26745
21157
24149
16794
30788
12839
32012
23970
32457
12160
22206
23988
24796
12869
38692
25355
23253
17450
30365
29165
23570
24377
21650
6167
58812
21847
22967
25890
25181
39641
18522
24323
26113
45645
12123
23109
36194
26726
13591
39468
29869
18339
35961
23752
35524
28746
32618
25450
30982
30544
29545
17229
11763
6101
128969
11560
18197
25345
36821
22913
37407
29804
36344
21467
45249
18240
41364
36284
17454
46354
30687
33375
37700
10620
60583
34613
32042
22534
43123
42768
28214
37532
28700
79885
12302
23232
36769
33634
36849
28063
52050
37019
32185
17391
63605
31529
47461
29732
23181
57018
39362
23968
49272
31333
50546
36470
45229
33724
41132
41132
32621
26723
15599
11081
176758
15314
23527
32088
36733
41348
49079
40198
45104
29877
59210
25272
60227
47830
18299
63811
38199
43569
49002
19066
76046
42691
44387
29811
56266
54085
45092
39473
35636
18031
104337
30852
45993
44391
45849
30757
72703
44767
42910
23767
83898
34763
66674
34459
28309
73664
51796
27377
66666
31716
69923
50031
55823
41415
49420
51459
42979
28366
20430
8609
238113
18340
32550
35256
43330
51709
62309
50784
60882
27154
82469
27691
75283
54191
27906
80272
46250
55569
60667
21521
105538
43914
53368
35350
72012
67385
55121
51497
39482
18377
138477
38453
52965
54197
57890
40025
85330
57324
48419
25510
109096
42089
89196
33785
34898
91756
61247
34156
83815
44001
80748
60589
66805
48530
68456
53322
50821
34998
21416
20105
290162
22530
33581
43795
53031
55601
80373
54346
70808
46459
89427
30272
98666
58955
28350
100414
57064
89730
38383
34716
119416
60144
62956
41187
90715
81537
56237
62758
47791
19079
172862
30204
72754
62454
70850
44664
103464
62751
52838
33913
131585
49722
93420
50250
37320
123894
56149
39785
100423
49865
93294
73566
80347
53535
70846
66145
52752
41171
24906
7583
366055
24343
39976
48012
60833
63134
81100
71820
82454
46815
110449
34154
108841
69932
47586
107049
60614
78982
74623
32298
144465
62348
73995
46353
107492
90237
70530
63031
51428
8667
221647
42777
68968
74151
75551
52547
118982
80582
56769
35150
150543
55224
105497
56900
40023
149350
59155
39793
115878
53000
110139
83117
83351
62061
83019
72465
62713
38669
27384
24924
409512
21635
56364
41720
62776
68983
97832
75015
89376
54575
114307
42931
129349
72538
44230
131402
64760
89075
80943
12565
186901
70693
80070
130017
35457
110383
65476
72675
63408
14977
233862
48166
73888
75193
87383
56989
132717
62182
90634
168359
34511
59346
117469
56377
42327
146783
83262
132965
40634
60447
117778
88191
91235
72980
80549
75857
46407
63923
26303
24362
459173
29075
45344
57261
80355
61897
86792
92973
93994
55311
131122
38902
137506
85812
40727
146753
50001
120183
78838
34643
183117
75300
79488
46741
138780
113504
71961
75702
58393
249887
37586
42922
76353
80551
89340
62077
140749
61507
103554
26137
188137
61081
124636
61889
44186
159016
86653
47857
146517
51108
121901
98899
94779
72692
103947
60776
62382
47854
26005
5875
529935
25996
47306
65230
56993
79176
103008
84207
99488
57811
133871
143296
43652
89395
39211
157828
70988
99090
88385
195355
34633
71060
62558
84002
129985
112678
77551
90279
39454
37846
259842
53381
82677
84250
81571
69024
153248
84758
68206
44147
193855
61501
129293
62261
173167
37998
69085
79413
128896
61723
132639
95286
98249
102107
59743
80150
59181
45976
31406
14776
539417
31449
42756
53706
70714
77342
104695
88126
103173
131388
64850
34581
184761
62286
33128
167253
70637
128903
61006
33879
204042
80029
82511
52028
140504
107067
90523
71218
49939
35143
287945
40385
76615
87275
116306
35174
159498
82799
66636
11342
243952
52047
127067
75661
51239
153438
93788
35085
145750
62615
129120
104256
91696
57528
119743
57742
69176
42217
36161
533583
26861
31502
43984
55829
88641
57478
100575
70724
140778
34171
134787
44199
150217
85966
57488
156578
57864
101418
89092
31675
210085
74416
80203
59265
136555
111161
81974
70738
56112
25253
285632
54192
75446
80874
99065
52316
154547
71378
112068
12341
201205
59570
125887
53857
45323
175528
86336
46140
138740
63389
126367
96180
93086
69342
95360
66966
63750
43736
26405
19343
551990
35207
40259
52578
66702
73133
101061
85792
97781
40145
179921
15892
138345
82440
36923
168054
70602
93410
82196
32479
211340
59916
91294
49628
138180
111699
71757
81414
41537
30209
281256
52512
69044
78933
89102
56466
150954
73730
74577
31955
209263
56297
119915
47724
17993
212929
72755
43223
139884
53272
128931
82861
96723
73498
75525
75202
63758
34772
27818
49888
511952
28464
53242
36908
63415
70723
95606
81313
106021
37670
133767
28848
146198
86960
30406
170588
60556
93216
78843
26634
176793
113020
65067
44892
127704
112446
68268
66796
53875
22944
281670
36602
76307
82156
76290
53112
142543
77807
65319
24162
213500
47223
114621
54738
43689
162056
85235
34344
135266
46920
121938
81325
93166
64454
74826
68223
57829
36011
19234
2422
566263
16703
35913
45706
60015
97167
66563
69549
100789
36731
126699
39016
132995
78180
33528
154601
63805
108751
54636
19338
207452
61021
74174
43697
127614
95200
65331
67517
48530
26800
270018
38727
69904
65038
83561
45913
136835
74304
59238
25825
171995
120288
68072
46580
39881
152866
74375
37662
126864
43580
118582
73620
85024
62014
72447
70792
43274
37135
30078
18208
498792
26951
20796
62325
52026
64292
85119
73692
82723
42967
119342
29336
128572
67011
34262
148781
56815
76377
73392
24889
190553
59392
67330
38313
102327
139153
43560
49789
42461
26830
254008
36637
65614
62772
84795
35505
125371
70257
61603
23740
176125
53732
98288
47525
37698
145860
68131
34834
101183
66137
98590
76084
74230
62499
60040
62004
40283
42475
26707
19575
459913
30088
33732
45112
47758
60616
77259
68297
79199
38948
105802
24315
97136
112087
16862
130488
50774
74616
67392
53151
148102
55088
61243
39431
109428
89107
55498
51439
44227
11112
250667
32002
58913
62482
71150
109814
46676
54134
66568
19054
170885
41608
93385
46767
35908
129137
52677
42778
106412
45556
89151
71704
69175
44260
65725
59455
39606
41001
19226
21620
432827
22039
25059
25729
93710
36908
64215
59188
69748
42319
94170
29966
106579
59392
27287
126045
46895
62701
68111
18580
166254
49695
63442
32511
99252
73215
55733
51528
37076
22324
216862
48807
42100
52977
65460
39193
101918
59336
48993
24832
147053
48721
86276
39787
29421
126045
53047
32590
96591
40131
84045
64521
62016
47083
56256
50182
40653
26475
12251
1472
445014
11736
24424
36307
43000
50354
63690
55362
67047
37899
84321
29262
97587
51108
28974
112436
44575
62431
50167
27583
145050
50346
49429
34898
85859
69834
50285
44833
27688
34234
199691
28135
50737
49187
57026
38104
96632
47207
42800
28208
139000
38619
74833
36375
30901
108769
52051
30684
85415
38792
72787
59053
54908
46041
50472
45217
36629
25135
10556
1367
411944
10358
22980
32776
39037
44998
61558
48255
61408
28183
79948
23908
89329
44343
26979
107845
36123
52506
56419
16838
126638
50966
45993
32599
78137
63653
43016
41713
35430
14433
185091
44267
32854
42412
52596
30891
86177
45629
42041
18949
132205
31300
75940
25707
24744
98189
50804
24158
80297
32101
67223
54845
50290
41712
41688
42713
34633
25740
17455
15116
336193
16572
20352
24696
22766
81660
42413
40434
50159
28889
71794
20604
81195
43923
17747
95640
37903
48164
50878
14512
119521
38221
45678
24000
76082
55905
36792
32328
37227
15243
167683
26392
44467
35400
49983
24784
78477
41048
33448
8464
134241
27516
60194
32709
19300
92882
36031
75845
24038
27629
59616
54451
37833
34329
50217
29655
30070
30274
9830
11836
303025
19198
21621
28615
30172
39296
43584
40559
50737
24608
62653
20054
69847
35949
14728
70470
71542
33918
35993
107347
14454
35447
37971
26977
63464
49365
32329
37319
29696
9969
154219
25139
33604
37892
37614
74488
24275
38509
33644
15712
102129
32449
50198
28198
32020
68408
38997
21857
62005
24169
56596
39721
39582
36352
38411
29054
26792
23931
14537
9315
275400
11839
24079
23543
29528
33558
38680
41027
38793
52671
27277
19857
60761
30679
23756
71749
31121
34462
40454
14243
99632
29960
35821
20834
57199
44505
33483
32500
22128
11598
136276
18629
27150
22249
77978
9338
55347
30787
29264
15272
92325
25338
48018
29000
15308
67643
37295
15435
58452
24891
52094
33369
35507
27914
38463
24774
27626
21343
10778
243505
9750
21380
11637
24780
25992
29263
36052
33952
39184
15452
52719
17272
54106
30401
14688
60317
36179
42207
23119
11243
88680
26891
31486
20053
58483
30362
30840
26574
21699
10087
129342
16453
28580
30762
33075
21564
52048
33537
23431
14320
84605
19540
45013
22850
15583
64126
28843
18849
49959
43079
18717
34423
31929
24011
28956
26728
22557
14920
7324
1475
251168
6881
13153
20938
23087
34183
26039
30695
28291
20042
44731
15936
50381
26644
55570
15918
24323
29187
32607
11761
75838
26958
30915
45569
14012
32573
27301
24580
20983
12500
111954
14904
27980
24235
29596
19179
49663
24992
23878
75802
12732
19955
35636
20595
14576
49388
38562
14171
42454
19209
37487
28154
31463
19439
27038
30119
17254
14867
12776
9330
193985
6513
21319
19010
26905
18951
29685
25820
28312
14488
42847
12671
43649
24757
9835
54904
22031
26586
27834
11359
68978
21030
24917
16883
39264
30698
22302
21658
19054
99038
8380
14346
20754
17604
53933
10544
37229
21657
21667
9608
66714
17636
32047
19111
15408
49673
21869
39369
11935
20267
32665
26791
24324
20773
31899
15161
19076
14340
11458
3799
180579
10009
13345
21910
15493
22877
24868
21728
30810
13809
33474
13472
38413
21584
11819
46385
18686
24364
24745
58761
10814
21274
21103
14293
33064
38566
14713
17822
16584
8323
89624
15339
20785
21037
23003
36908
16969
20558
18649
11647
57721
16955
28304
20559
41540
11524
20504
15229
33255
15529
29696
21640
25863
22497
14839
20180
17759
10661
13662
5825
157737
10917
12165
15679
19185
18133
23110
21386
24531
29632
14953
11522
32837
19855
11752
37909
16995
20024
17616
3476
77293
15191
17722
13057
29325
24653
18137
20007
12677
19663
66870
14430
18966
20924
23350
8458
34616
18456
18827
9070
51259
14705
28393
16332
8739
39270
17735
10679
32712
25644
16057
18134
21750
17270
18477
18025
15134
16762
6669
141770
5224
8630
12400
14795
15767
18954
20423
17945
21924
23767
16026
11280
29017
17229
10675
32976
12317
28605
17761
8185
46512
17424
17598
13146
26117
22794
16974
15122
17790
15279
59744
13586
16045
16399
18870
12367
34000
13526
15267
8268
47328
12572
24270
12921
11712
32400
20874
8514
26580
13274
23495
17499
16907
17691
16451
16620
13502
13533
8070
4261
127043
7318
11513
14403
14197
15852
18951
15844
19086
11757
23948
9419
25794
15723
8504
28512
10999
37661
12879
5471
39848
14737
15136
11216
23055
20342
14325
14170
12892
6719
63526
11549
15144
15596
16518
12689
26345
13956
15335
8050
40036
11750
23935
10795
10224
29281
15282
10748
21708
14584
21062
15377
17218
14444
17537
12385
13155
10396
7190
1954
117235
6140
10230
12908
12926
14370
17328
14047
18773
9958
21686
8709
23694
14445
11789
23718
13495
15510
15360
6715
35182
21805
11222
9581
21329
17108
13853
13028
11766
5973
55638
11224
14513
13341
15818
10809
22268
13401
13637
6696
36460
11221
18086
8757
13730
25399
13932
8819
22143
10743
19295
14111
14973
11802
12942
15764
11286
9832
7020
4829
99988
5601
12143
10865
12622
11917
16910
11875
15268
9125
21030
7949
21294
12845
8320
22732
13606
13716
14453
6094
32755
12675
13315
8939
18463
15235
11676
11043
8914
1469
66838
7230
12033
11846
12789
9691
20023
12377
11908
6786
31822
10087
16919
9728
9715
23045
12266
9521
18574
9364
17627
13157
13698
12284
11946
12805
10770
9271
7702
5882
88658
6045
9535
9731
10887
13888
12926
11453
12933
9785
18623
6911
19955
11004
7698
20966
10812
16102
11000
5603
29103
11625
11572
7848
18410
13918
11206
12964
9682
4607
44564
9980
11039
11492
12245
9564
18120
10921
10730
7115
26760
8194
20961
7818
7262
20122
11978
7366
16931
9383
16033
11492
11787
11072
10752
11786
9617
11115
5232
2724
82333
5676
8823
8995
10842
10524
12272
13939
10687
8154
15024
7351
17728
10470
6195
19428
10316
11559
12029
5326
27823
9979
10483
7980
16117
11932
10202
9755
11447
4069
39411
8286
11220
11550
10021
8597
16691
10740
9928
5701
25718
8507
13835
7968
8028
18317
10985
7433
15057
8171
13829
10244
11553
8910
10350
10341
8516
8278
3557
543
88009
3322
7766
7487
9520
9792
11188
9365
11992
6893
14358
12662
8885
10438
6266
16401
10475
10717
10659
4966
23305
9509
8967
8262
14027
11222
10813
8520
8973
4007
35951
7194
11817
9278
9586
13258
9825
9411
8781
5400
24343
7398
12245
7860
6995
16436
10408
6140
14863
7084
12179
9668
10405
7603
12275
9200
8008
8515
4467
3149
66893
4980
8085
7429
8804
10658
9905
8999
10102
7441
13429
6022
13343
9856
5537
15574
8562
9369
9904
4940
20317
8441
13916
10345
6945
10253
8974
8045
8275
3595
32420
7131
9647
8943
7976
8273
13430
8929
7937
4304
21972
7361
11304
7343
6634
14602
9264
6122
12450
6997
11171
10733
9056
7113
9078
8862
7521
8727
4182
2040
61616
4228
7748
7128
8121
8129
11045
8064
9381
6632
11474
6025
12088
8571
4885
15270
7998
8132
9246
4656
17768
9502
8055
6263
11464
10209
7670
8116
8459
3005
29062
7227
8373
8944
8362
6527
12332
8222
8137
4020
18515
8635
8387
6577
5708
13388
8052
5655
10890
6034
7843
18821
6942
6126
7933
8030
6661
7572
4123
3036
54946
3972
7243
6467
7578
9789
6935
7505
8619
7256
10297
4655
11966
8042
5628
12545
7453
8785
8104
4154
16902
7582
8409
5917
10366
9254
7117
7420
8617
2616
26352
6465
8068
7428
7229
6405
10960
6693
8672
4726
16222
6287
9410
6088
4814
13587
7733
5889
10166
6281
9378
7795
8203
6989
8299
7469
7123
6741
3706
1797
51901
3326
6948
6157
7287
7181
7379
8710
7559
5996
10137
4971
10836
7103
4700
11724
6985
7389
7730
4244
15721
6651
6900
5479
9224
7919
10358
6072
6618
2699
23383
6008
7244
7133
6872
6046
10292
6806
6427
6278
13754
5828
8538
6071
5156
11046
8254
4741
9556
5909
8445
7741
7529
6016
6980
7161
6588
6655
3361
1123
49048
3326
5793
6377
6293
6917
7932
6590
7748
5427
8864
7479
6245
6883
4483
10325
8237
5812
7407
3577
13665
6919
6889
5107
8461
7748
5888
7630
6525
2712
21097
6133
6682
6435
7099
5152
9541
6426
5879
4739
13019
5554
8636
5398
4759
10479
6790
4362
9061
5080
8412
6789
7171
5298
6806
6872
6031
6113
3370
1796
42275
3085
5530
5870
5949
6234
7001
5280
4873
13027
7015
4173
8392
6254
4088
9350
6190
6048
7239
3270
11941
6688
6142
4833
7663
7206
5360
6342
6328
3006
18515
5258
5944
6699
6036
5004
8982
5915
5671
3346
12028
5384
7542
5093
4626
9784
5956
4610
7996
4960
7314
6121
7208
4993
6267
6040
5939
5765
3162
1848
39321
2946
4906
6779
5352
5892
6646
5418
6239
5170
7489
4212
7779
5870
4315
8769
5907
5632
6645
3098
10479
5419
7251
4452
6961
6839
5309
5696
6223
2105
17196
5392
5663
5972
5597
4708
7515
6585
5430
3577
10693
4934
7164
5201
4059
8588
5775
4338
7368
5549
5849
5846
5819
5203
5792
5607
5798
4959
2940
348
38498
2825
4407
5755
4684
5703
6494
5262
5745
4573
7184
3868
7495
5355
3608
8051
5624
5174
6289
4425
8360
5704
5188
4950
6511
6210
5011
5298
5263
2540
15487
4808
5347
5494
5484
4175
7253
5020
6505
2738
9433
4756
6634
4734
3784
8025
5761
3833
6713
5075
5907
5369
5373
4622
5574
5018
5755
4372
3608
1296
32631
2625
4037
5697
4478
5295
5765
4922
5294
4480
7280
3306
6503
5232
3525
7300
5045
4918
6623
2355
8684
5283
5192
3728
6315
5702
4452
5044
4978
2516
13831
4511
5012
5075
4533
4414
6774
5047
4619
3148
8785
4430
6044
4189
3679
7213
5007
3545
6079
4050
5886
5066
5103
4097
5161
4389
5347
4259
1635
148
35537
1646
3728
5149
4011
4933
5247
4376
4864
3946
6263
3293
6190
4804
5387
4533
4575
4692
5377
2468
8039
4852
4885
3447
5997
5382
4301
4228
5263
1891
12585
4423
4493
4763
4208
3816
6340
4751
4389
2593
7944
4052
5976
3841
5530
4693
4525
3517
5635
3865
6155
4203
4828
3950
4779
3975
5614
3619
2582
1173
27877
2344
3142
5953
3342
4481
5012
4254
4595
3635
5844
3051
5759
4592
5178
4281
4692
4021
5313
2089
7109
4781
4220
3472
5196
5333
3812
4046
4629
1731
11605
3769
4380
4421
3692
3793
5803
4125
4223
2414
7215
3968
5081
3994
4952
4419
4174
3174
5259
3698
4738
4382
4702
3663
4358
3806
5213
3235
2458
1055
25297
2288
2857
5027
3388
4083
4576
4145
4165
2859
6836
2563
5207
3966
2990
5520
4144
3873
4829
2130
6722
4389
4040
3073
5259
4419
3799
3866
4215
1437
10783
3500
3848
4333
3660
3332
5161
4471
3733
2361
6674
3649
4902
3334
3075
5631
3920
2789
5046
3499
4733
3664
4406
3168
4205
3294
5364
2807
2269
1210
23224
2152
2514
4752
3265
3845
4165
3769
3814
3354
4770
2699
4858
3706
2674
5236
3621
3546
4559
1417
6842
4023
3663
2802
5318
3293
3669
3593
3960
1604
9149
3932
2981
3798
3878
5104
2702
3662
3725
2250
5904
3542
4580
3324
2626
5360
3610
2739
4616
4722
2798
3283
4289
3068
3807
3501
4955
2359
2142
813
21644
1975
2345
4630
3232
3573
3788
4227
2959
2933
4641
2617
4376
3389
5059
2149
3556
3311
4245
1794
5439
3976
3532
2567
4277
3775
3332
3072
3669
1831
8040
2262
7202
2322
2736
2882
4643
3292
3498
5771
1635
3235
3985
2984
2684
4813
3357
2596
4320
2874
4327
2825
4073
2773
3511
2928
4473
2491
1977
1007
19639
1863
2297
4056
3713
2563
3658
3367
3235
2895
4199
4261
2490
3163
2337
5023
2583
3226
3859
1631
4940
3670
3027
2722
4065
3495
3049
2922
3498
4393
4767
2727
3137
3651
2964
2539
4290
3038
3234
1815
4785
2977
3716
2701
2584
4249
3030
4232
2694
2335
3708
2762
3782
2483
3826
2326
4057
2266
1868
737
17832
1880
1899
3664
3082
3597
2571
3114
3115
2616
3610
2276
3928
2875
1570
4576
3228
2743
3628
4508
1443
3255
3072
2310
3711
3208
3328
2362
3228
1337
6723
2521
3174
3140
2780
2354
4200
2950
2769
1541
4599
2827
3422
2309
4295
2009
2958
2032
3635
2268
3503
3248
2826
2439
2893
3289
3286
2009
1874
688
16335
1600
2234
3227
2734
2663
3129
2341
4102
3058
2319
2050
3701
2633
2058
3500
3049
2752
3199
1422
4447
2771
2806
2174
3348
2895
2933
3141
2431
1175
6266
2155
3080
2798
3165
1675
3835
2595
2888
1572
4174
3473
2503
2311
2237
3842
2577
2101
3446
2289
3093
2383
3294
2221
2650
2628
3564
1843
1700
14866
750
1447
1895
3503
2341
2386
2821
2524
2819
2166
3242
1855
3428
2522
1972
3325
2809
3086
2380
1145
4196
2757
2567
2031
3481
2354
2629
2444
2735
1084
5732
2571
2362
2569
2520
3413
2017
2379
2655
1429
3788
2426
2975
2018
2036
3353
2491
1957
3008
3294
1889
2266
2946
2145
2424
2448
3414
1706
1587
670
13891
1145
1834
2717
2607
2148
2599
2905
2088
2078
2946
1768
3116
2169
3299
1428
2551
2245
2765
1216
3548
2703
2249
1795
2916
2562
2243
2084
2656
940
4895
1985
2721
2152
2334
1934
3101
2223
2409
3429
1250
2099
2729
1748
1940
2981
2284
1811
2861
1894
2758
2033
2849
1876
2137
2433
2801
1731
737
304
14396
667
1533
2452
2877
1404
2499
2060
2496
1711
2849
2731
1904
2051
1683
3286
1821
2186
2557
1150
3152
2318
2316
1693
2703
2256
2133
1962
2331
3913
1361
1894
2219
2184
2117
1784
2915
1964
2324
1193
3054
1907
2549
1663
1691
2744
2130
2865
1439
1811
2267
1976
2464
1789
2220
1883
2633
1660
1203
1405
10146
1362
1526
2052
2434
2309
1787
1876
2382
1644
2502
1326
2796
2093
1600
2229
2132
2076
2454
2954
1093
2240
1964
1685
2454
2129
2235
1683
2103
840
4114
1706
2420
1965
1910
1765
2584
2028
1973
1260
2744
1795
2520
1571
2707
1447
1892
1627
2338
1718
2194
2441
1746
1837
1724
2681
1738
1687
976
705
10201
949
1736
1380
2775
1566
2172
1669
2182
2166
1660
1355
2368
1732
1343
2240
1956
1933
2201
1021
2672
1812
1871
1421
2206
1920
1749
2175
1541
528
3933
1611
2057
1805
2089
1243
2350
1710
1930
1089
2518
2134
1810
1420
1484
2374
1652
1539
1998
1520
1923
1830
1976
1563
1603
2075
1848
1652
935
9210
642
829
1605
1503
2251
1529
1840
1550
1795
2156
1839
1300
2116
1649
1193
2066
1685
2054
1629
876
2442
1770
1658
1392
2178
1522
1660
1623
1780
662
3227
1857
1533
1634
1636
2220
1339
1563
1742
952
2322
1584
1902
1360
1262
2068
1807
1344
1965
2058
1139
1640
1791
1511
1394
1923
1801
1505
845
331
8662
758
1571
1417
2039
1296
1737
1761
1443
1341
1840
1220
1920
1504
2012
921
1351
2040
1705
862
2114
1693
1425
1245
1749
1871
1471
1413
1675
935
2673
1285
1758
1405
1499
1306
2030
1271
1425
2193
925
1473
1889
1220
1195
1828
1598
1186
1927
1166
1780
1676
1410
1417
1305
1903
1440
1537
652
726
7585
617
1601
1274
2112
942
1670
1248
1688
1188
1669
1725
915
1771
963
2007
1179
1429
1663
802
1991
1384
1399
1349
1673
1511
1372
1416
1524
2293
659
1261
1564
1402
1382
1324
1671
1327
1311
877
1953
1268
1629
1118
1056
1724
1473
1606
1100
1054
1528
1409
1412
1326
1331
1393
1356
1442
653
336
7113
656
1387
1035
1720
1283
1243
1079
1474
1134
1463
1048
1522
1369
934
1477
1308
1208
1448
1693
764
1196
1246
1074
1457
1414
1332
1174
1365
495
2222
1083
1484
1184
1255
1263
1320
1229
801
539
3293
787
1463
908
1692
859
1294
939
1575
919
1494
1316
1155
1175
1182
1542
880
1432
568
667
6043
448
1442
827
1538
984
1410
1048
1181
1551
947
891
1525
1245
870
1327
1281
1140
1265
789
1741
1072
1083
965
1417
1202
1169
1302
1079
324
2008
1027
1393
1092
1317
910
1436
961
1120
1083
1218
1223
1105
1059
818
1367
1192
854
1360
905
1333
1072
1181
997
925
1550
888
1387
503
5867
298
411
1338
750
1426
905
1201
1015
1097
999
1394
722
1212
1116
804
1212
1205
1013
1100
1016
1169
1119
974
909
1197
1182
1056
1145
1163
546
1603
928
1139
919
1090
820
1369
885
1035
661
1514
884
1162
976
672
1306
1051
759
1231
771
1208
1068
1105
933
796
1323
774
1345
391
580
4901
403
1212
619
1308
854
1035
917
1038
850
1111
708
1261
1220
601
1070
1048
925
977
630
1352
987
879
843
1089
1012
998
965
1012
354
1419
953
1019
996
767
792
1303
790
898
580
1369
823
1005
848
890
845
1165
695
1126
712
1073
828
1030
811
716
1236
646
1209
360
189
4916
309
1101
578
1023
855
856
908
829
830
981
611
1140
904
635
1081
888
831
847
563
1256
840
812
737
1148
709
813
885
867
273
1353
823
918
864
511
1542
857
678
781
507
1174
738
900
691
562
1185
838
643
930
590
1074
768
913
679
686
1038
566
1036
362
363
4121
291
1077
542
1134
555
779
799
774
704
937
626
982
778
508
975
796
793
756
491
1106
722
771
584
763
925
713
770
796
239
1279
771
828
797
607
838
820
701
752
492
1048
642
906
624
534
977
750
572
878
901
594
677
818
616
681
901
548
1021
284
100
4142
255
969
468
737
766
669
716
596
550
931
484
833
720
462
883
661
764
722
430
981
671
636
587
780
666
683
679
769
445
885
694
745
732
539
728
762
619
621
478
938
562
786
695
441
890
650
472
696
587
801
597
811
519
572
802
431
960
283
168
3390
194
860
409
641
651
591
654
558
707
669
394
714
665
440
797
638
545
713
372
888
574
592
530
629
626
597
667
705
196
967
603
652
652
464
577
756
567
536
480
755
636
624
536
439
671
694
388
621
564
750
445
663
439
720
468
408
795
236
170
2953
225
763
389
554
646
512
658
475
472
728
389
579
615
361
687
549
468
593
348
745
527
502
422
551
576
558
577
616
175
844
520
610
605
512
325
675
479
436
417
743
505
489
540
366
575
626
356
559
437
645
435
536
412
544
488
410
670
48
36
3772
34
620
424
399
533
483
434
411
430
608
319
527
571
427
447
540
393
511
378
672
489
440
426
551
494
493
435
523
170
774
434
466
544
362
414
533
404
415
356
660
366
456
435
345
551
519
314
477
433
493
409
485
309
480
463
394
625
157
236
2259
173
592
320
344
499
345
515
388
362
550
340
448
477
277
519
460
372
437
296
543
465
337
325
473
440
375
432
481
229
501
422
418
420
268
431
445
372
381
260
647
321
396
349
345
426
462
222
453
369
406
369
450
256
424
485
280
554
152
109
2091
134
598
253
300
509
327
385
403
282
467
277
398
393
264
409
348
262
335
316
476
365
317
253
331
532
311
362
398
102
553
370
356
361
265
337
378
328
339
290
456
300
322
361
209
393
410
190
406
301
351
346
376
260
387
361
246
480
133
88
1832
128
484
211
282
427
293
292
361
244
403
231
353
298
229
541
294
278
286
201
459
307
324
218
334
307
249
336
307
95
471
312
330
309
260
272
383
300
244
200
409
287
297
256
212
368
279
193
309
267
283
315
308
195
354
265
305
405
103
87
1572
107
391
173
217
378
226
235
260
194
354
199
289
260
239
301
250
252
244
172
380
247
254
207
293
318
180
264
297
84
363
276
277
244
215
210
295
262
226
152
373
207
289
236
206
294
252
144
335
200
232
221
242
147
320
182
181
319
89
9
1697
109
305
211
140
285
189
216
243
191
258
184
287
259
172
257
204
268
175
130
321
255
243
183
194
241
172
246
233
97
310
238
234
229
169
219
258
215
215
176
329
169
260
155
154
296
263
145
258
160
201
264
203
131
253
183
150
325
87
49
1183
66
241
175
227
204
156
173
253
188
233
195
161
187
149
249
188
174
202
106
270
258
179
133
213
205
155
190
218
52
296
201
227
164
167
128
207
167
175
145
221
132
264
160
131
212
178
134
165
303
167
201
180
123
237
152
132
234
82
67
1084
66
205
180
162
197
174
139
197
128
186
145
199
138
132
209
148
161
173
107
182
254
152
101
193
171
188
115
178
79
264
161
156
169
136
144
209
134
157
96
210
129
231
102
92
339
130
137
114
130
148
174
183
166
135
114
109
221
73
47
926
64
183
148
112
171
122
132
121
126
186
80
195
128
96
179
108
132
147
66
283
126
125
93
137
135
112
146
153
41
218
142
114
134
134
121
174
127
128
109
164
151
109
178
88
163
110
100
151
98
117
161
132
85
174
77
109
146
40
15
868
33
160
113
88
113
126
106
146
66
142
74
160
109
81
165
104
112
95
55
151
125
141
59
123
113
98
103
111
31
217
111
73
118
100
87
148
79
84
72
125
81
139
81
83
139
124
75
114
91
108
107
94
99
131
63
108
121
44
54
715
46
105
113
80
78
117
82
104
89
99
60
118
88
80
121
77
113
102
55
124
109
93
94
93
108
72
91
105
35
138
96
62
81
103
67
99
57
93
67
61
36
791
38
39
72
62
76
90
72
78
102
65
49
104
57
89
89
50
37
593
45
75
86
58
80
94
78
83
84
92
90
64
62
46
90
85
75
105
63
88
73
70
40
110
93
66
79
103
40
143
70
98
40
98
78
73
77
82
25
100
85
98
47
73
71
69
72
110
69
96
81
75
65
77
52
65
112
23
24
515
36
67
72
53
100
83
50
78
79
77
45
81
55
46
71
130
50
76
45
74
63
71
43
57
60
73
34
59
15
164
57
40
65
60
50
76
52
55
56
75
46
61
51
49
89
55
49
107
46
70
66
52
68
44
60
68
69
23
14
498
25
53
67
43
42
73
40
54
81
47
42
64
58
128
74
43
54
58
30
86
56
71
55
43
64
56
55
50
25
86
83
53
50
48
45
66
35
51
26
83
80
37
47
42
60
58
36
69
30
57
43
30
171
38
35
57
43
28
17
417
31
45
54
24
38
61
33
48
37
43
47
53
47
19
61
46
42
40
40
58
94
34
38
43
45
54
33
46
15
82
43
30
75
34
32
65
39
30
47
58
46
50
54
33
60
37
26
51
39
63
43
35
31
43
30
51
31
13
6
549
10
28
43
13
32
50
26
31
34
53
31
47
46
26
77
35
41
34
29
61
38
35
41
52
33
35
38
37
11
67
30
22
87
23
33
50
35
44
15
60
43
41
41
20
48
36
42
48
20
44
37
24
27
128
15
32
19
19
17
351
17
24
40
27
32
38
24
41
28
42
14
58
31
22
36
28
24
82
18
43
34
36
30
46
41
29
20
29
23
38
62
23
40
27
21
39
33
23
20
66
26
30
24
32
48
27
15
45
11
42
34
16
28
25
25
39
23
26
8
309
23
23
36
24
21
40
23
34
28
32
18
29
34
16
23
18
14
328
4
28
22
23
17
18
24
26
18
36
15
48
24
23
14
16
26
29
28
28
19
40
12
36
24
25
32
17
23
26
27
27
33
19
26
30
14
28
51
15
21
225
27
17
34
21
8
48
21
20
21
28
14
48
22
13
29
20
22
20
5
98
21
20
23
34
17
34
19
24
13
54
14
23
18
20
19
27
21
18
16
30
24
22
9
12
88
16
17
22
23
24
20
27
26
32
15
21
14
30
8
206
18
19
33
19
11
9
75
9
24
37
21
23
15
25
34
15
43
17
14
33
20
27
11
28
19
20
15
30
19
31
25
18
20
21
20
22
27
20
13
21
14
16
3
184
16
7
9
14
13
18
15
32
25
14
9
37
22
15
12
230
13
25
18
22
13
21
34
20
18
23
23
17
5
60
20
18
27
8
25
17
20
14
21
21
15
8
71
14
9
28
22
10
18
36
12
14
19
8
44
16
19
28
10
28
17
13
17
13
15
22
17
26
11
10
14
15
12
3
3
254
8
17
12
18
19
23
17
11
22
41
8
16
19
17
8
17
38
21
13
16
26
19
15
11
55
9
12
19
8
33
10
6
27
12
16
23
15
22
11
36
14
21
9
7
7
82
7
16
18
17
15
22
15
12
20
15
11
21
9
149
10
6
33
9
19
16
12
24
12
19
11
18
13
12
17
12
77
4
8
17
16
22
13
14
17
18
12
9
2
42
9
13
18
8
19
19
8
11
5
71
2
12
6
14
25
19
16
12
23
12
9
17
22
7
14
12
49
2
6
128
11
15
11
9
11
10
17
10
5
49
5
15
15
15
12
16
14
12
11
14
48
6
12
9
11
9
13
11
7
35
12
10
20
19
13
14
24
5
13
30
11
13
5
25
18
22
14
13
26
4
23
8
8
12
9
13
7
18
6
119
16
11
14
27
4
7
22
10
15
23
9
9
15
17
18
18
8
15
10
14
12
10
12
6
16
11
13
13
8
21
15
9
11
7
11
16
12
5
10
17
12
13
11
8
10
12
7
12
12
10
10
7
3
1
1
1
1
0
5
683
0
3
2
1
6
9
9
7
6
13
7
7
6
8
12
6
8
8
9
15
11
17
15
11
6
12
7
8
19
10
10
9
8
18
19
8
19
17
4
16
19
6
18
6
22
10
5
17
11
36
14
9
18
11
7
22
9
9
19
65
5
2
20
4
12
12
17
18
7
4
4
21
7
11
13
10
22
2
8
16
18
8
5
17
7
12
7
10
10
12
3
27
6
12
12
8
8
9
9
15
40
9
10
6
11
8
14
9
11
7
12
5
40
6
12
9
15
16
2
88
9
12
15
11
14
8
40
1
10
11
11
12
8
10
10
18
7
11
12
7
15
17
11
9
3
43
2
8
22
6
12
10
13
8
9
12
15
5
9
16
7
8
11
10
10
6
11
14
4
3
68
5
3
9
5
8
15
5
11
66
15
1
11
9
8
7
24
8
11
11
9
7
26
4
10
17
15
7
7
22
9
4
7
7
3
94
2
4
18
10
7
4
15
13
10
9
7
17
11
9
4
15
12
9
11
6
14
9
9
44
2
10
8
9
8
12
8
6
2
70
14
11
11
18
8
11
15
4
9
16
8
10
7
8
11
7
6
2
7
97
0
1
6
9
7
11
11
9
7
20
5
16
7
8
13
15
4
1
9
13
11
3
9
2
23
4
7
13
9
2
16
3
14
7
13
4
8
5
3
109
3
9
12
8
16
10
7
6
14
10
7
7
11
5
46
9
6
6
11
17
10
10
5
12
5
8
8
6
23
12
8
6
14
4
7
6
7
15
11
15
6
13
4
5
11
12
4
7
2
5
2
128
1
3
1
7
11
4
5
48
4
15
9
8
16
10
11
6
14
6
10
6
12
3
17
7
6
4
17
9
10
6
5
19
1
1
31
10
13
12
5
14
8
9
15
6
3
7
3
56
5
7
13
16
6
11
1
7
11
26
3
12
12
9
13
4
4
11
8
36
11
6
14
8
3
7
0
95
4
4
8
8
4
5
3
7
17
5
11
10
2
20
8
8
7
2
19
1
6
19
13
16
3
5
11
7
7
9
11
3
39
1
3
15
0
8
10
9
3
12
31
7
9
13
9
8
8
5
1
71
5
9
9
8
4
11
10
14
7
7
28
8
2
6
10
20
8
8
2
20
1
9
15
7
2
12
5
9
12
14
8
9
11
14
5
6
17
5
12
10
7
4
6
2
18
11
6
9
6
7
4
5
12
6
8
4
3
9
2
27
4
3
1
0
256
0
1
1
1
4
7
11
6
6
11
11
15
8
7
6
5
9
8
9
4
10
10
5
14
12
8
7
13
4
8
16
3
9
10
24
4
11
7
7
17
6
6
7
7
7
14
3
9
11
7
15
7
9
2
65
6
4
10
8
12
5
13
8
9
5
0
39
4
8
9
13
15
7
4
20
5
11
15
5
9
7
5
2
4
4
55
2
5
3
9
11
6
11
8
14
0
12
5
6
3
27
4
9
6
4
7
17
4
8
12
6
6
9
9
42
9
4
9
6
2
70
1
5
8
7
7
9
10
9
7
6
14
7
3
14
9
7
6
11
11
1
4
8
6
14
5
14
4
9
6
4
47
3
9
8
7
13
9
9
11
4
6
11
7
8
15
6
5
7
2
12
6
6
2
43
10
9
4
1
11
4
10
21
4
4
13
5
15
8
9
9
6
7
4
11
4
9
5
5
6
5
5
1
1
136
3
2
2
6
1
5
10
5
7
8
7
7
7
7
19
10
0
8
13
10
2
11
5
7
7
15
1
4
7
20
6
17
3
7
5
19
6
8
8
11
5
37
4
9
8
4
15
11
5
19
4
4
4
14
12
3
6
5
5
46
3
3
5
10
12
13
6
15
3
2
16
4
6
8
11
3
12
6
9
10
3
11
6
4
16
5
11
5
3
37
6
6
4
5
13
10
6
8
9
10
7
3
7
1
1
2
109
6
4
6
3
5
5
6
10
8
13
4
6
14
8
10
4
8
1
13
1
13
6
8
6
15
2
3
11
7
2
6
8
4
5
1
20
3
4
5
5
8
3
36
9
3
2
21
8
10
3
0
19
6
2
16
9
3
10
10
7
7
5
3
0
1
86
3
5
6
3
5
6
7
7
3
9
6
13
2
10
5
23
3
5
10
7
5
5
1
16
4
7
8
6
1
3
10
2
5
14
3
22
3
10
10
5
4
6
6
67
2
1
4
7
9
5
5
13
12
5
2
7
13
5
6
8
1
15
3
6
2
2
11
6
9
3
7
10
7
5
3
0
56
3
2
11
3
8
9
9
7
5
10
4
21
1
7
3
7
0
10
2
24
5
4
1
49
5
4
7
4
5
5
7
8
7
12
1
8
8
4
10
8
10
4
33
5
5
10
5
10
6
5
13
10
6
9
4
6
9
44
2
3
4
7
12
5
13
6
7
8
11
3
20
3
2
9
15
9
3
6
8
22
19
3
5
1
4
9
1
8
4
23
1
6
8
7
0
2
5
15
2
7
2
13
8
5
14
2
6
12
4
0
13
6
8
4
1
15
7
6
2
7
4
19
5
3
18
8
4
15
6
5
3
16
8
2
11
8
15
3
5
30
9
8
8
3
6
2
6
9
8
4
3
6
7
6
9
6
13
4
14
9
5
2
14
8
11
6
6
7
8
8
7
8
10
3
10
12
4
6
2
3
5
3
7
3
9
5
5
3
3
0
4
3
0
0
0
0
0
0
4
511
0
0
0
1
3
3
3
5
0
2
4
2
5
5
3
4
6
2
4
8
2
6
5
5
3
5
5
7
6
10
5
8
4
5
7
8
9
7
6
8
6
4
6
6
7
13
3
9
4
5
12
2
9
4
7
8
1
10
8
7
3
4
13
4
3
7
6
3
11
7
4
10
2
7
4
14
8
8
2
13
1
9
4
2
14
2
8
7
4
3
16
4
5
6
3
6
25
9
4
9
9
4
5
22
2
6
0
10
5
4
2
12
4
6
4
3
7
5
4
20
0
15
7
3
8
6
2
10
6
4
7
2
26
5
4
7
7
1
9
5
2
9
4
8
4
32
5
3
6
3
4
8
7
9
3
7
15
2
10
5
4
2
39
2
3
3
2
5
6
16
8
8
7
6
7
2
10
8
3
21
6
7
0
42
1
2
5
9
8
7
3
8
5
4
5
5
14
7
5
15
9
5
7
8
11
3
11
4
2
3
45
0
0
2
5
2
6
11
7
3
11
10
4
3
8
6
7
13
5
2
7
4
8
10
5
6
2
8
3
23
10
3
2
3
5
7
1
72
4
1
5
7
4
4
6
4
11
4
9
6
7
4
9
7
10
7
6
8
2
11
11
3
3
4
3
9
3
3
2
6
3
2
6
4
11
5
4
6
5
2
6
5
4
5
5
9
2
3
0
86
2
5
3
5
5
1
6
2
6
7
7
0
6
5
5
14
5
11
2
4
0
8
6
1
7
1
12
6
3
7
8
1
3
36
3
3
5
5
9
7
4
6
1
9
2
4
5
15
3
4
6
8
5
5
12
5
5
4
22
1
7
5
8
4
5
4
3
12
6
11
3
1
4
3
6
4
2
114
0
0
0
6
4
0
8
4
3
4
7
9
10
1
14
6
4
9
4
3
1
10
4
10
2
3
15
4
5
4
6
2
4
3
4
4
17
7
4
5
10
16
3
2
8
1
3
3
5
4
4
6
10
4
7
1
2
50
3
2
2
4
6
3
4
1
6
11
6
5
2
31
6
5
6
5
7
7
6
0
25
1
4
3
6
6
4
3
5
5
5
1
0
18
5
0
7
7
4
7
0
29
3
4
4
5
5
4
10
6
10
7
2
15
0
9
9
7
3
7
4
4
6
2
3
3
5
3
4
4
3
4
4
1
0
125
0
2
3
5
3
4
2
7
2
2
5
6
7
9
2
11
5
4
9
6
15
5
2
6
2
19
18
1
4
6
5
13
3
7
0
9
5
5
14
2
5
10
4
8
6
6
8
3
0
17
0
2
12
5
8
8
2
12
6
2
3
10
5
5
4
5
2
3
43
1
2
4
4
5
5
2
5
7
10
3
2
6
3
3
0
32
2
8
3
8
8
3
12
3
6
4
9
8
5
4
4
3
6
5
6
6
3
0
0
1
0
84
2
2
4
1
8
4
5
6
7
7
7
6
2
9
13
4
6
4
3
12
6
9
5
6
5
4
3
16
5
0
6
1
16
7
4
8
4
7
11
3
3
12
4
3
2
4
2
0
32
2
4
1
5
7
5
2
4
7
7
2
3
4
3
11
3
3
11
5
6
5
7
5
6
5
0
29
2
2
5
4
2
3
12
4
3
6
5
8
2
4
8
7
1
28
2
5
3
3
2
10
5
9
3
2
2
22
3
5
8
1
15
5
1
4
19
2
8
5
8
1
2
12
5
12
6
4
8
1
6
6
5
2
2
5
10
1
4
12
1
2
5
8
12
6
3
4
7
0
2
6
7
6
2
17
7
9
2
7
5
5
3
5
4
5
7
4
5
5
2
2
3
1
0
198
0
1
0
0
2
2
0
5
3
3
2
2
0
0
5
7
5
8
5
3
6
5
3
7
6
1
7
5
4
6
2
3
10
4
10
1
6
4
6
8
0
8
4
7
5
3
11
4
4
4
2
11
4
5
11
6
3
3
8
2
1
5
4
8
8
4
3
20
2
2
10
6
2
12
0
6
1
8
2
3
23
2
2
7
1
6
5
7
16
3
3
2
12
5
4
5
6
6
1
41
3
2
9
8
9
5
4
4
5
1
6
14
4
5
1
3
9
3
2
6
8
1
4
3
4
2
2
1
44
1
4
6
4
2
8
6
4
2
8
2
2
10
2
3
7
0
4
7
4
21
1
4
4
9
2
7
3
3
22
2
2
7
3
3
2
6
1
8
7
9
4
3
3
3
4
4
6
1
0
2
74
0
2
1
2
2
3
6
1
2
6
1
3
6
6
5
2
12
9
4
4
10
2
4
10
2
2
3
5
10
3
2
5
8
6
5
8
2
4
16
6
6
5
4
5
5
0
49
1
1
4
4
5
4
8
5
6
6
3
8
3
5
3
8
5
8
5
4
1
19
5
6
3
10
3
5
3
6
4
3
3
19
0
4
1
6
4
3
3
14
2
4
7
3
9
1
3
14
5
13
2
5
8
3
5
5
7
3
13
9
2
4
5
9
7
5
3
6
1
5
5
3
0
4
1
0
122
0
1
1
5
1
3
6
3
2
4
3
4
5
4
5
5
3
7
6
2
7
5
1
3
3
9
4
5
10
2
5
1
9
5
1
8
10
5
4
14
2
2
6
3
5
4
4
0
4
15
6
4
5
6
4
9
3
1
6
1
3
4
1
3
26
2
6
3
5
4
1
7
7
3
3
15
2
3
5
1
9
4
6
3
4
4
5
9
2
3
1
1
59
3
3
1
7
2
6
3
9
3
3
9
5
8
1
10
2
7
3
6
4
3
3
4
0
20
1
2
5
3
8
0
9
2
8
3
1
20
1
4
0
4
7
3
8
1
6
3
10
0
6
3
5
2
4
3
3
9
2
2
17
3
1
4
3
4
1
1
0
0
90
0
1
3
1
3
4
3
1
3
7
6
3
0
6
5
2
6
3
2
8
5
4
3
14
1
7
5
9
2
9
3
4
8
2
2
8
3
0
18
2
4
4
6
2
1
10
4
0
7
13
2
4
4
3
0
33
3
5
4
8
4
6
4
10
4
5
4
2
1
5
2
13
2
6
11
4
2
3
3
13
7
3
2
8
5
4
6
1
1
7
2
2
13
8
1
2
2
2
0
2
60
2
2
1
3
10
3
6
5
9
2
3
4
4
2
1
8
3
2
9
2
4
6
4
3
4
22
6
4
8
8
1
2
5
3
1
3
23
0
4
4
2
3
3
4
1
2
2
10
3
7
2
4
0
12
3
0
5
4
7
1
6
3
2
4
4
4
1
0
51
2
2
1
8
3
2
1
5
6
1
6
1
10
1
4
4
2
9
1
2
4
2
5
1
3
21
1
5
4
4
5
5
0
5
3
4
4
10
3
1
3
3
2
2
4
4
3
1
37
1
2
3
2
3
4
9
8
5
5
21
4
1
8
6
6
3
4
3
11
2
5
5
7
4
10
1
7
7
2
6
4
3
5
2
4
0
56
2
2
4
5
5
6
2
2
2
11
0
5
6
1
12
0
6
3
7
6
2
4
9
4
4
3
3
5
30
0
2
2
4
3
2
7
2
8
5
2
2
11
4
2
4
7
4
3
4
3
3
1
35
2
2
8
1
4
4
5
5
5
5
1
5
3
1
1
2
4
2
0
17
4
3
4
3
6
3
2
8
2
6
4
3
2
3
1
21
4
6
4
11
6
2
11
7
2
4
5
6
1
14
3
4
2
7
2
2
3
3
4
6
1
9
2
2
7
5
6
3
3
11
1
10
2
3
2
5
3
5
5
4
12
5
3
4
4
5
2
3
11
3
4
8
5
6
1
5
5
8
1
6
2
1
7
2
1
6
2
15
1
1
4
4
2
4
3
5
2
8
2
4
8
0
11
3
4
3
3
7
6
8
2
4
5
7
2
4
6
6
1
8
2
1
8
4
2
1
1
5
3
11
3
3
1
7
0
4
10
3
7
8
3
4
1
4
4
8
3
4
2
3
2
3
2
3
5
7
5
7
2
4
1
5
2
5
0
2
3
4
4
0
4
5
3
2
8
3
1
2
2
2
0
0
2
1
1
3
4
3
0
3
0
0
0
1
0
0
0
0
4
448
0
0
0
0
1
3
1
1
0
1
2
2
1
3
3
0
2
3
0
0
3
2
4
6
4
2
1
4
3
4
3
3
7
4
2
1
4
4
5
3
5
5
4
3
4
3
3
4
4
6
4
2
4
5
6
3
2
7
5
4
3
8
4
2
3
6
5
3
2
3
2
3
8
3
6
2
2
9
1
2
7
1
2
6
5
2
9
4
2
11
1
7
3
6
3
2
2
6
1
5
0
2
4
3
9
2
0
9
6
3
4
3
7
0
2
6
6
3
2
7
3
4
8
7
2
15
0
3
4
5
3
3
1
9
1
1
8
3
5
1
2
17
0
6
5
0
11
3
2
3
3
13
3
3
4
4
4
2
4
4
5
4
11
1
3
5
3
4
3
3
6
1
2
4
1
15
1
2
5
5
3
4
6
2
6
6
3
3
3
0
12
3
3
0
1
4
5
2
2
8
1
2
3
7
3
5
3
0
18
4
3
7
4
0
2
11
2
1
3
0
6
4
6
2
2
6
2
1
1
28
2
3
2
4
4
7
5
2
3
10
5
1
7
1
3
1
5
0
5
4
3
5
3
1
3
1
30
1
4
1
1
2
4
7
6
1
4
2
3
3
2
9
0
3
0
4
3
6
4
2
2
1
6
1
8
2
2
4
0
38
1
5
2
6
1
5
0
4
3
9
5
4
8
4
4
5
8
3
1
12
0
3
3
4
3
4
3
0
6
3
3
4
7
1
3
6
0
4
2
4
1
0
45
0
3
2
3
2
4
2
8
6
7
1
1
7
3
2
1
9
3
2
1
5
2
6
4
0
2
15
3
1
2
4
10
1
2
3
6
0
6
5
2
0
10
4
3
8
5
7
9
1
1
5
9
5
3
0
2
1
54
1
1
2
6
4
2
2
4
4
4
4
2
2
8
1
3
1
4
2
4
3
6
2
16
3
2
5
5
5
2
5
1
1
3
3
1
14
1
1
3
2
2
2
3
8
2
2
4
3
2
14
3
4
7
10
4
1
1
12
3
6
5
8
6
1
5
5
3
1
3
4
7
3
2
4
2
2
1
1
1
0
64
1
0
1
0
2
2
5
2
2
2
1
4
3
3
4
2
9
2
2
4
8
1
5
1
2
1
8
2
3
2
4
2
2
4
4
12
4
2
3
4
6
4
4
3
0
1
3
3
5
4
3
1
2
0
1
37
0
2
5
0
4
8
2
4
2
3
4
3
9
5
2
6
2
3
1
4
0
12
4
4
3
4
2
6
0
1
4
6
9
2
5
1
5
6
1
8
3
1
2
2
6
1
2
8
2
2
5
4
5
2
3
5
3
3
3
2
2
1
3
1
1
2
4
0
0
0
95
0
2
4
3
1
1
3
4
2
3
3
7
1
5
2
2
3
6
6
3
4
4
9
2
0
0
11
1
2
9
2
1
6
0
2
4
4
3
1
6
1
17
0
1
2
1
6
4
7
1
3
2
2
5
3
1
1
17
2
6
3
1
1
2
2
5
4
2
2
2
8
2
2
3
8
0
7
2
3
10
3
6
2
4
5
7
2
4
1
2
0
44
0
0
1
3
1
2
3
5
1
7
0
7
4
2
4
3
4
2
2
4
1
7
3
4
1
0
1
11
4
5
2
8
5
2
3
2
38
1
1
1
5
2
3
3
3
5
5
3
6
2
4
3
5
5
1
1
0
16
3
6
2
4
0
1
2
2
2
3
0
15
1
4
1
2
11
2
0
1
6
1
2
3
0
1
7
2
1
8
5
4
2
0
1
6
1
3
4
3
1
4
1
5
2
1
5
6
0
4
10
4
3
7
6
1
4
6
1
3
0
0
4
1
0
1
0
112
0
0
0
1
3
0
1
2
4
2
1
2
2
1
4
3
0
6
2
4
4
6
5
1
3
6
3
3
5
2
0
5
2
6
2
6
2
1
8
0
0
0
3
1
7
6
3
3
1
6
1
9
1
4
0
5
1
3
1
2
4
1
0
14
4
1
2
4
2
4
1
4
3
1
4
3
3
2
3
2
0
19
1
2
4
3
4
1
2
2
2
5
2
3
8
3
0
5
2
6
5
0
5
1
3
4
5
3
1
3
1
2
48
0
2
4
2
4
2
3
3
5
1
3
0
3
3
3
8
1
2
1
5
6
3
4
2
3
9
1
4
1
4
5
4
1
1
4
2
3
13
1
4
6
0
6
6
1
3
3
0
5
2
3
4
3
3
2
5
0
3
3
1
1
4
1
5
3
1
0
0
69
0
0
0
0
0
0
0
0
0
0
0
0
0
0
0
0
0
0
0
0
0
0
0
0
0
0
0
0
0
0
0
0
0
0
0
0
0
0
0
0
0
0
0
0
0
0
0
0
0
0
0
0
0
0
0
0
0
0
0
0
0
0
0
0
0
0
0
0
0
0
0
0
0
0
0
0
0
0
0
0
0
0
0
0
0
0
0
0
0
0
0
0
0
0
0
0
0
0
0
0
0
0
0
0
0
0
0
0
0
0
0
0
0
0
0
0
0
0
0
0
0
0
0
0
0
0
0
0
0
0
0
0
0
0
0
0
0
0
0
0
0
0
0
0
0
0
0
0
0
0
0
0
0
0
0
0
0
0
0
0
0
0
0
0
0
0
0
0
0
0
0
0
0
0
0
0
0
0
0
0
0
0
0
0
0
0
0
0
0
0
0
0
0
0
0
0
0
0
0
0
0
0
0
0
0
0
0
0
0
0
0
0
0
0
0
0
0
0
0
0
0
0
0
0
0
0
0
0
0
0
0
0
0
0
0
0
0
0
0
0
0
0
0
0
0
0
0
0
0
0
0
0
0
0
0
0
0
0
0
0
0
0
0
0
0
0
0
0
0
0
0
0
0
0
0
0
0
0
0
0
0
0
0
0
0
0
0
0
0
0
0
0
0
0
0
0
0
0
0
0
0
0
0
0
0
0
0
0
0
0
0
0
0
0
0
0
0
0
0
0
0
0
0
0
0
0
0
0
0
0
0
0
0
0
0
0
0
0
0
0
0
0
0
0
0
0
0
0
0
0
0
0
0
0
0
0
0
0
0
0
0
0
0
0
0
0
0
0
0
0
0
0
0
0
0
0
0
0
0
0
0
0
0
0
0
0
0
0
0
0
0
0
0
0
0
0
0
0
0
0
0
0
0
0
0
0
0
0
0
0
0
0
0
0
0
0
0
0
0
0
0
0
0
0
0
0
0
0
0
0
0
0
0
0
0
0
0
0
0
0
0
0
0
0
0
0
0
0
0
0
0
0
0
0
0
0
0
0
0
0
0
0
0
0
0
0
0
0
0
0
0
0
0
0
0
0
0
0
0
0
0
0
0
0
0
0
0
0
0
0
0
0
0
0
0
0
0
0
0
0
0
0
0
0
0
0
0
0
0
0
0
0
0
0
0
0
0
0
0
0
0
0
0
0
0
0
0
0
0
0
0
0
0
0
0
0
0
0
0
0
0
0
0
0
0
0
0
0
0
0
0
0
0
0
0
0
0
0
0
0
0
0
0
0
0
0
0
0
0
0
0
0
0
0
0
0
0
0
0
0
0
0
0
0
0
0
0
0
0
0
0
0
0
0
0
0
0
0
0
0
0
0
0
0
0
0
0
0
0
0
0
0
0
0
0
0
0
0
0
0
0
0
0
0
0
0
0
0
0
0
0
0
0
0
0
0
0
0
0
0
0
0
0
0
0
0
0
0
0
0
0
0
0
0
0
0
0
0
0
0
0
0
0
0
0
0
0
0
0
0
0
0
0
0
0
0
0
0
0
0
0
0
0
0
0
0
0
0
0
0
0
0
0
0
0
0
0
0
0
0
0
0
0
0
0
0
0
0
0
0
0
0
0
0
0
0
0
0
0
0
0
0
0
0
0
0
0
0
0
0
0
0
0
0
0
0
0
0
0
0
0
0
0
0
0
0
0
0
0
0
0
0
0
0
0
0
0
0
0
0
0
0
0
0
0
0
0
0
0
0
0
0
0
0
0
0
0
0
0
0
0
0
0
0
0
0
0
0
0
0
0
0
0
0
0
0
0
0
0
0
0
0
0
0
0
0
0
0
0
0
0
0
0
0
0
0
0
0
0
0
0
0
0
0
0
0
0
0
0
0
0
0
0
0
0
0
0
0
0
0
0
0
0
0
0
0
0
0
0
0
0
0
0
0
0
0
0
0
0
0
0
0
0
0
0
0
0
0
0
0
0
0
0
0
0
0
0
0
0
0
0
0
0
0
0
0
0
0
0
0
0
0
0
0
0
0
0
0
0
0
0
0
0
0
0
0
0
0
0
0
0
0
0
0
0
0
0
0
0
0
0
0
0
0
0
0
0
0
0
0
0
0
0
0
0
0
0
0
0
0
0
0
0
0
0
0
0
0
0
0
0
0
0
0
0
0
0
0
0
0
0
0
0
0
0
0
0
0
0
0
0
0
0
0
0
0
0
0
0
0
0
0
0
0
0
0
0
0
0
0
0
0
0
0
0
0
0
0
0
0
0
0
0
0
0
0
0
0
0
0
0
0
0
0
0
0
0
0
0
0
0
0
0
0
0
0
0
0
0
0
0
0
0
0
0
0
0
0
0
0
0
0
0
0
0
0
0
0
0
0
0
0
0
0
0
0
0
0
0
0
0
0
0
0
0
0
0
0
0
0
0
0
0
0
0
0
0
0
0
0
0
0
0
0
0
0
0
0
0
0
0
0
0
0
0
0
0
0
0
0
0
0
0
0
0
0
0
0
0
0
0
0
0
0
0
0
0
0
0
0
0
0
0
0
0
0
0
0
0
0
0
0
0
0
0
0
0
0
0
0
0
0
0
0
0
0
0
0
0
0
0
0
0
0
0
0
0
0
0
0
0
0
0
0
0
0
0
0
0
0
0
0
0
0
0
0
0
0
0
0
0
0
0
0
0
0
0
0
0
0
0
0
0
0
0
0
0
0
0
0
0
0
0
0
0
0
0
0
0
0
0
0
0
0
0
0
0
0
0
0
0
0
0
0
0
0
0
0
0
0
0
0
0
0
0
0
0
0
0
0
0
0
0
0
0
0
0
0
0
0
0
0
0
0
0
0
0
0
0
0
0
0
0
0
0
0
0
0
0
0
0
0
0
0
0
0
0
0
0
0
0
0
0
0
0
0
0
0
0
0
0
0
0
0
0
0
0
0
0
0
0
0
0
0
0
0
0
0
0
0
0
0
0
0
0
0
0
0
0
0
0
0
0
0
0
0
0
0
0
0
0
0
0
0
0
0
0
0
0
0
0
0
0
0
0
0
0
0
0
0
0
0
0
0
0
0
0
0
0
0
0
0
0
0
0
0
0
0
0
0
0
0
0
0
0
0
0
0
0
0
0
0
0
0
0
0
0
0
0
0
0
0
0
0
0
0
0
0
0
0
0
0
0
0
0
0
0
0
0
0
0
0
0
0
0
0
0
0
0
0
0
0
0
0
0
0
0
0
0
0
0
0
0
0
0
0
0
0
0
0
0
0
0
0
0
0
0
0
0
0
0
0
0
0
0
0
0
0
0
0
0
0
0
0
0
0
0
0
0
0
0
0
0
0
0
0
0
0
0
0
0
0
0
0
0
0
0
0
0
0
0
0
0
0
0
0
0
0
0
0
0
0
0
0
0
0
0
0
0
0
0
0
0
0
0
0
0
0
0
0
0
0
0
0
0
0
0
0
0
0
0
0
0
0
0
0
0
0
0
0
0
0
0
0
0
0
0
0
0
0
0
0
0
0
0
0
0
0
0
0
0
0
0
0
0
0
0
0
0
0
0
0
0
0
0
0
0
0
0
0
0
0
0
0
0
0
0
0
0
0
0
0
0
0
0
0
0
0
0
0
0
0
0
0
0
0
0
0
0
0
0
0
0
0
0
0
0
0
0
0
0
0
0
0
0
0
0
0
0
0
0
0
0
0
0
0
0
0
0
0
0
0
0
0
0
0
0
0
0
0
0
0
0
0
0
0
0
0
0
0
0
0
0
0
0
0
0
0
0
0
0
0
0
0
0
0
0
0
0
0
0
0
0
0
0
0
0
0
0
0
0
0
0
0
0
0
0
0
0
0
0
0
0
0
0
0
0
0
0
0
0
0
0
0
0
0
0
0
0
0
0
0
0
0
0
0
0
0
0
0
0
0
0
0
0
0
0
0
0
0
0
0
0
0
0
0
0
0
0
0
0
0
0
0
0
0
0
0
0
0
0
0
0
0
0
0
0
0
0
0
0
0
0
0
0
0
0
0
0
0
0
0
0
0
0
0
0
0
0
0
0
0
0
0
0
0
0
0
0
0
0
0
0
0
0
0
0
0
0
0
0
0
0
0
0
0
0
0
0
0
0
0
0
0
0
0
0
0
0
0
0
0
0
0
0
0
0
0
0
0
0
0
0
0
0
0
0
0
0
0
0
0
0
0
0
0
0
0
0
0
0
0
0
0
0
0
0
0
0
0
0
0
0
0
0
0
0
0
0
0
0
0
0
0
0
0
0
0
0
0
0
0
0
0
0
0
0
0
0
0
0
0
0
0
0
0
0
0
0
0
0
0
0
0
0
0
0
0
0
0
0
0
0
0
0
0
0
0
0
0
0
0
0
0
0
0
0
0
0
0
0
0
0
0
0
0
0
0
0
0
0
0
0
0
0
0
0
0
0
0
0
0
0
0
0
0
0
0
0
0
0
0
0
0
0
0
0
0
0
0
0
0
0
0
0
0
0
0
0
0
0
0
0
0
0
0
0
0
0
0
0
0
0
0
0
0
0
0
0
0
0
0
0
0
0
0
0
0
0
0
0
0
0
0
0
0
0
0
0
0
0
0
0
0
0
0
0
0
0
0
0
0
0
0
0
0
0
0
0
0
0
0
0
0
0
0
0
0
0
0
0
0
0
0
0
0
0
0
0
0
0
0
0
0
0
0
0
0
0
0
0
0
0
0
0
0
0
0
0
0
0
0
0
0
0
0
0
0
0
0
0
0
0
0
0
0
0
0
0
0
0
0
0
0
0
0
0
0
0
0
0
0
0
0
0
0
0
0
0
0
0
0
0
0
0
0
0
0
0
0
0
0
0
0
0
0
0
0
0
0
0
0
0
0
0
0
0
0
0
0
0
0
0
0
0
0
0
0
0
0
0
0
0
0
0
0
0
0
0
0
0
0
0
0
0
0
0
0
0
0
0
0
0
0
0
0
0
0
0
0
0
0
0
0
0
0
0
0
0
0
0
0
0
0
0
0
0
0
0
0
0
0
0
0
0
0
0
0
0
0
0
0
0
0
0
0
0
0
0
0
0
0
0
0
0
0
0
0
0
0
0
0
0
0
0
0
0
0
0
0
0
0
0
0
0
0
0
0
0
0
0
0
0
0
0
0
0
0
0
0
0
0
0
0
0
0
0
0
0
0
0
0
0
0
0
0
0
0
0
0
0
0
0
0
0
0
0
0
0
0
0
0
0
0
0
0
0
0
0
0
0
0
0
0
0
0
0
0
0
0
0
0
0
0
0
0
0
0
0
0
0
0
0
0
0
0
0
0
0
0
0
0
0
0
0
0
0
0
0
0
0
0
0
0
0
0
0
0
0
0
0
0
0
0
0
0
0
0
0
0
0
0
0
0
0
0
0
0
0
0
0
0
0
0
0
0
0
0
0
0
0
0
0
0
0
0
0
0
0
0
0
0
0
0
0
0
0
0
0
0
0
0
0
0
0
0
0
0
0
0
0
0
0
0
0
0
0
0
0
0
0
0
0
0
0
0
0
0
0
0
0
0
0
0
0
0
0
0
0
0
0
0
0
0
0
0
0
0
0
0
0
0
0
0
0
0
0
0
0
0
0
0
0
0
0
0
0
0
0
0
0
0
0
0
0
0
0
0
0
0
0
0
0
0
0
0
0
0
0
0
0
0
0
0
0
0
0
0
0
0
0
0
0
0
0
0
0
0
0
0
0
0
0
0
0
0
0
0
0
0
0
0
0
0
0
0
0
0
0
0
0
0
0
0
0
0
0
0
0
0
0
0
0
0
0
0
0
0
0
0
0
0
0
0
0
0
0
0
0
0
0
0
0
0
0
0
0
0
0
0
0
0
0
0
0
0
0
0
0
0
0
0
0
0
0
0
0
0
0
0
0
0
0
0
0
0
0
0
0
0
0
0
0
0
0
0
0
0
0
0
0
0
0
0
0
0
0
0
0
0
0
0
0
0
0
0
0
0
0
0
0
0
0
0
0
0
0
0
0
0
0
0
0
0
0
0
0
0
0
0
0
0
0
0
0
0
0
0
0
0
0
0
0
0
0
0
0
0
0
0
0
0
0
0
0
0
0
0
0
0
0
0
0
0
0
0
0
0
0
0
0
0
0
0
0
0
0
0
0
0
0
0
0
0
0
0
0
0
0
0
0
0
0
0
0
0
0
0
0
0
0
0
0
0
0
0
0
0
0
0
0
0
0
0
0
0
0
0
0
0
0
0
0
0
0
0
0
0
0
0
0
0
0
0
0
0
0
0
0
0
0
0
0
0
0
0
0
0
0
0
0
0
0
0
0
0
0
0
0
0
0
0
0
0
0
0
0
0
0
0
0
0
0
0
0
0
0
0
0
0
0
0
0
0
0
0
0
0
0
0
0
0
0
0
0
0
0
0
0
0
0
0
0
0
0
0
0
0
0
0
0
0
0
0
0
0
0
0
0
0
0
0
0
0
0
0
0
0
0
0
0
0
0
0
0
0
0
0
0
0
0
0
0
0
0
0
0
0
0
0
0
0
0
0
0
0
0
0
0
0
0
0
0
0
0
0
0
0
0
0
0
0
0
0
0
0
0
0
0
0
0
0
0
0
0
0
0
0
0
0
0
0
0
0
0
0
0
0
0
0
0
0
0
0
0
0
0
0
0
0
0
0
0
0
0
0
0
0
0
0
0
0
0
0
0
0
0
0
0
0
0
0
0
0
0
0
0
0
0
0
0
0
0
0
0
0
0
0
0
0
0
0
0
0
0
0
0
0
0
0
0
0
0
0
0
0
0
0
0
0
0
0
0
0
0
0
0
0
0
0
0
0
0
0
0
0
0
0
0
0
0
0
0
0
0
0
0
0
0
0
0
0
0
0
0
0
0
0
0
0
0
0
0
0
0
0
0
0
0
0
0
0
0
0
0
0
0
0
0
0
0
0
0
0
0
0
0
0
0
0
0
0
0
0
0
0
0
0
0
0
0
0
0
0
0
0
0
0
0
0
0
0
0
0
0
0
0
0
0
0
0
0
0
0
0
0
0
0
0
0
0
0
0
0
0
0
0
0
0
0
0
0
0
0
0
0
0
0
0
0
0
0
0
0
0
0
0
0
0
0
0
0
0
0
0
0
0
0
0
0
0
0
0
0
0
0
0
0
0
0
0
0
0
0
0
0
0
0
0
0
0
0
0
0
0
0
0
0
0
0
0
0
0
0
0
0
0
0
0
0
0
0
0
0
0
0
0
0
0
0
0
0
0
0
0
0
0
0
0
0
0
0
0
0
0
0
0
0
0
0
0
0
0
0
0
0
0
0
0
0
0
0
0
0
0
0
0
0
0
0
0
0
0
0
0
0
0
0
0
0
0
0
0
0
0
0
0
0
0
0
0
0
0
0
0
0
0
0
0
0
0
0
0
0
0
0
0
0
0
0
0
0
0
0
0
0
0
0
0
0
0
0
0
0
0
0
0
0
0
0
0
0
0
0
0
0
0
0
0
0
0
0
0
0
0
0
0
0
0
0
0
0
0
0
0
0
0
0
0
0
0
0
0
0
0
0
0
0
0
0
0
0
0
0
0
0
0
0
0
0
0
0
0
0
0
0
0
0
0
0
0
0
0
0
0
0
0
0
0
0
0
0
0
0
0
0
0
0
0
0
0
0
0
0
0
0
0
0
0
0
0
0
0
0
0
0
0
0
0
0
0
0
0
0
0
0
0
0
0
0
0
0
0
0
0
0
0
0
0
0
0
0
0
0
0
0
0
0
0
0
0
0
0
0
0
0
0
0
0
0
0
0
0
0
0
0
0
0
0
0
0
0
0
0
0
0
0
0
0
0
0
0
0
0
0
0
0
0
0
0
0
0
0
0
0
0
0
0
0
0
0
0
0
0
0
0
0
0
0
0
0
0
0
0
0
0
0
0
0
0
0
0
0
0
0
0
0
0
0
0
0
0
0
0
0
0
0
0
0
0
0
0
0
0
0
0
0
0
0
0
0
0
0
0
0
0
0
0
0
0
0
0
0
0
0
0
0
0
0
0
0
0
0
0
0
0
0
0
0
0
0
0
0
0
0
0
0
0
0
0
0
0
0
0
0
0
0
0
0
0
0
0
0
0
0
0
0
0
0
0
0
0
0
0
0
0
0
0
0
0
0
0
0
0
0
0
0
0
0
0
0
0
0
0
0
0
0
0
0
0
0
0
0
0
0
0
0
0
0
0
0
0
0
0
0
0
0
0
0
0
0
0
0
0
0
0
0
0
0
0
0
0
0
0
0
0
0
0
0
0
0
0
0
0
0
0
0
0
0
0
0
0
0
0
0
0
0
0
0
0
0
0
0
0
0
0
0
0
0
0
0
0
0
0
0
0
0
0
0
0
0
0
0
0
0
0
0
0
0
0
0
0
0
0
0
0
0
0
0
0
0
0
0
0
0
0
0
0
0
0
0
0
0
0
0
0
0
0
0
0
0
0
0
0
0
0
0
0
0
0
0
0
0
0
0
0
0
0
0
0
0
0
0
0
0
0
0
0
0
0
0
0
0
0
0
0
0
0
0
0
0
0
0
0
0
0
0
0
0
0
0
0
0
0
0
0
0
0
0
0
0
0
0
0
0
0
0
0
0
0
0
0
0
0
0
0
0
0
0
0
0
0
0
0
0
0
0
0
0
0
0
0
0
0
0
0
0
0
0
0
0
0
0
0
0
0
0
0
0
0
0
0
0
0
0
0
0
0
0
0
0
0
0
0
0
0
0
0
0
0
0
0
0
0
0
0
0
0
0
0
0
0
0
0
0
0
0
0
0
0
0
0
0
0
0
0
0
0
0
0
0
0
0
0
0
0
0
0
0
0
0
0
0
0
0
0
0
0
0
0
0
0
0
0
0
0
0
0
0
0
0
0
0
0
0
0
0
0
0
0
0
0
0
0
0
0
0
0
0
0
0
0
0
0
0
0
0
0
0
0
0
0
0
0
0
0
0
0
0
0
0
0
0
0
0
0
0
0
0
0
0
0
0
0
0
0
0
0
0
0
0
0
0
0
0
0
0
0
0
0
0
0
0
0
0
0
0
0
0
0
0
0
0
0
0
0
0
0
0
0
0
0
0
0
0
0
0
0
0
0
0
0
0
0
0
0
0
0
0
0
0
0
0
0
0
0
0
0
0
0
0
0
0
0
0
0
0
0
0
0
0
0
0
0
0
0
0
0
0
0
0
0
0
0
0
0
0
0
0
0
0
0
0
0
0
0
0
0
0
0
0
0
0
0
0
0
0
0
0
0
0
0
0
0
0
0
0
0
0
0
0
0
0
0
0
0
0
0
0
0
0
0
0
0
0
0
0
0
0
0
0
0
0
0
0
0
0
0
0
0
0
0
0
0
0
0
0
0
0
0
0
0
0
0
0
0
0
0
0
0
0
0
0
0
0
0
0
0
0
0
0
0
0
0
0
0
0
0
0
0
0
0
0
0
0
0
0
0
0
0
0
0
0
0
0
0
0
0
0
0
0
0
0
0
0
0
0
0
0
0
0
0
0
0
0
0
0
0
0
0
0
0
0
0
0
0
0
0
0
0
0
0
0
0
0
0
0
0
0
0
0
0
0
0
0
0
0
0
0
0
0
0
0
0
0
0
0
0
0
0
0
0
0
0
0
0
0
0
0
0
0
0
0
0
0
0
0
0
0
0
0
0
0
0
0
0
0
0
0
0
0
0
0
0
0
0
0
0
0
0
0
0
0
0
0
0
0
0
0
0
0
0
0
0
0
0
0
0
0
0
0
0
0
0
0
0
0
0
0
0
0
0
0
0
0
0
0
0
0
0
0
0
0
0
0
0
0
0
0
0
0
0
0
0
0
0
0
0
0
0
0
0
0
0
0
0
0
0
0
0
0
0
0
0
0
0
0
0
0
0
0
0
0
0
0
0
0
0
0
0
0
0
0
0
0
0
0
0
0
0
0
0
0
0
0
0
0
0
0
0
0
0
0
0
0
0
0
0
0
0
0
0
0
0
0
0
0
0
0
0
0
0
0
0
0
0
0
0
0
0
0
0
0
0
0
0
0
0
0
0
0
0
0
0
0
0
0
0
0
0
0
0
0
0
0
0
0
0
0
0
0
0
0
0
0
0
0
0
0
0
0
0
0
0
0
0
0
0
0
0
0
0
0
0
0
0
0
0
0
0
0
0
0
0
0
0
0
0
0
0
0
0
0
0
0
0
0
0
0
0
0
0
0
0
0
0
0
0
0
0
0
0
0
0
0
0
0
0
0
0
0
0
0
0
0
0
0
0
0
0
0
0
0
0
0
0
0
0
0
0
0
0
0
0
0
0
0
0
0
0
0
0
0
0
0
0
0
0
0
0
0
0
0
0
0
0
0
0
0
0
0
0
0
0
0
0
0
0
0
0
0
0
0
0
0
0
0
0
0
0
0
0
0
0
0
0
0
0
0
0
0
0
0
0
0
0
0
0
0
0
0
0
0
0
0
0
0
0
0
0
0
0
0
0
0
0
0
0
0
0
0
0
0
0
0
0
0
0
0
0
0
0
0
0
0
0
0
0
0
0
0
0
0
0
0
0
0
0
0
0
0
0
0
0
0
0
0
0
0
0
0
0
0
0
0
0
0
0
0
0
0
0
0
0
0
0
0
0
0
0
0
0
0
0
0
0
0
0
0
0
0
0
0
0
0
0
0
0
0
0
0
0
0
0
0
0
0
0
0
0
0
0
0
0
0
0
0
0
0
0
0
0
0
0
0
0
0
0
0
0
0
0
0
0
0
0
0
0
0
0
0
0
0
0
0
0
0
0
0
0
0
0
0
0
0
0
0
0
0
0
0
0
0
0
0
0
0
0
0
0
0
0
0
0
0
0
0
0
0
0
0
0
0
0
0
0
0
0
0
0
0
0
0
0
0
0
0
0
0
0
0
0
0
0
0
0
0
0
0
0
0
0
0
0
0
0
0
0
0
0
0
0
0
0
0
0
0
0
0
0
0
0
0
0
0
0
0
0
0
0
0
0
0
0
0
0
0
0
0
0
0
0
0
0
0
0
0
0
0
0
0
0
0
0
0
0
0
0
0
0
0
0
0
0
0
0
0
0
0
0
0
0
0
0
0
0
0
0
0
0
0
0
0
0
0
0
0
0
0
0
0
0
0
0
0
0
0
0
0
0
0
0
0
0
0
0
0
0
0
0
0
0
0
0
0
0
0
0
0
0
0
0
0
0
0
0
0
0
0
0
0
0
0
0
0
0
0
0
0
0
0
0
0
0
0
0
0
0
0
