0
0
0
0
0
0
0
0
0
0
0
0
0
0
0
0
0
0
0
0
0
0
0
0
0
0
0
0
0
0
0
0
0
0
0
0
0
0
0
0
0
0
0
0
0
0
0
0
0
0
0
0
0
0
0
0
0
0
0
0
0
0
0
0
0
0
0
0
0
0
0
0
0
0
0
0
0
0
0
0
0
0
0
0
0
0
0
0
0
0
0
0
0
0
0
0
0
0
0
0
0
0
0
0
0
0
0
0
0
0
0
0
0
0
0
0
0
0
0
0
0
0
0
0
0
0
0
0
0
0
0
0
0
0
0
0
0
0
0
0
0
0
0
0
0
0
0
0
0
0
0
0
0
0
0
0
0
0
0
0
0
0
0
0
0
0
0
0
0
0
0
0
0
0
0
0
0
0
0
0
0
0
0
0
0
0
0
0
0
0
0
0
0
0
0
0
0
0
0
0
0
0
0
0
0
0
0
0
0
0
0
0
0
0
0
0
0
0
0
0
0
0
0
0
0
0
0
0
0
0
0
0
0
0
0
0
0
0
0
0
0
0
0
0
0
0
0
0
0
0
0
0
0
0
0
0
0
0
0
0
0
0
0
0
0
0
0
0
0
0
0
0
0
0
0
0
0
0
0
0
0
0
0
0
0
0
0
0
0
0
0
0
0
0
0
0
0
0
0
0
0
0
0
0
0
0
0
0
0
0
0
0
0
0
0
0
0
0
0
0
0
0
0
0
0
0
0
0
0
0
0
0
0
0
0
0
0
0
0
0
0
0
0
0
0
0
0
0
0
0
0
0
0
0
0
0
0
0
0
0
0
0
0
0
0
0
0
0
0
0
0
0
0
0
0
0
0
0
0
0
0
0
0
0
0
0
0
0
0
0
0
0
0
0
0
0
0
0
0
0
0
0
0
0
0
0
0
0
0
0
0
0
0
0
0
0
0
0
0
0
0
0
0
0
0
0
0
0
0
0
0
0
0
0
0
0
0
0
0
0
0
0
0
0
0
0
0
0
0
0
0
0
0
0
0
0
0
0
0
0
0
0
0
0
0
0
0
0
0
0
0
0
0
0
0
0
0
0
0
0
0
0
0
0
0
0
0
0
0
0
0
0
0
0
0
0
0
0
0
0
0
0
0
0
0
0
0
0
0
0
0
0
0
0
0
0
0
0
0
0
0
0
0
0
0
0
0
0
0
0
0
0
0
0
0
0
0
0
0
0
0
0
0
0
0
0
0
0
0
0
0
0
0
0
0
0
0
0
0
0
0
0
0
0
0
0
0
0
0
0
0
0
0
0
0
0
0
0
0
0
0
0
0
0
0
0
0
0
0
0
0
0
0
0
0
0
0
0
0
0
0
0
0
0
0
0
0
0
0
0
0
0
0
0
0
0
0
0
0
0
0
0
0
0
0
0
0
0
0
0
0
0
0
0
0
0
0
0
0
0
0
0
0
0
0
0
0
0
0
0
0
0
0
0
0
0
0
0
0
0
0
0
0
0
0
0
0
0
0
0
0
0
0
0
0
0
0
0
0
0
0
0
0
0
0
0
0
0
0
0
0
0
0
0
0
0
0
0
0
0
0
0
0
0
0
0
0
0
0
0
0
0
0
0
0
0
0
0
0
0
0
0
0
0
0
0
0
0
0
0
0
0
0
0
0
0
0
0
0
0
0
0
0
0
0
0
0
0
0
0
0
0
0
0
0
0
0
0
0
0
0
0
0
0
0
0
0
0
0
0
0
0
0
0
0
0
0
0
0
0
0
0
0
0
0
0
0
0
0
0
0
0
0
0
0
0
0
0
0
0
0
0
0
0
0
0
0
0
0
0
0
0
0
0
0
0
0
0
0
0
0
0
0
0
0
0
0
0
0
0
0
0
0
0
0
0
0
0
0
0
0
0
0
0
0
0
0
0
0
0
0
0
0
0
0
0
0
0
0
0
0
0
0
0
0
0
0
0
0
0
0
0
0
0
0
0
0
0
0
0
0
0
0
0
0
0
0
0
0
0
0
0
0
0
0
0
0
0
0
0
0
0
0
0
0
0
0
0
0
0
0
0
0
0
0
0
0
0
0
0
0
0
0
0
0
0
0
0
0
0
0
0
0
0
0
0
0
0
0
0
0
0
0
0
0
0
0
0
0
0
39563
46655
52069
56437
64021
74124
79531
81694
84386
86151
88286
89470
92873
97774
99489
101465
106612
114371
121093
125402
131083
140666
149577
157299
168164
175231
192323
204599
219108
239783
259590
290699
311768
340909
383669
446615
545443
625530
720280
829738
1002362
1196258
1328463
1499377
1711299
2035021
2398470
2698001
3042348
3333901
3591200
3622446
3559216
3421388
3203075
2976119
2691801
2444006
2234190
2045114
1894583
1740961
1612886
1509600
1413861
1339835
1255542
1180092
1122907
1054853
1005855
939162
875676
822093
772455
731393
683850
639201
602637
568463
542337
512394
482452
457881
435758
418552
398060
375952
360624
341318
329917
314456
297428
283823
271197
261476
249574
235938
226706
216991
210607
202250
193440
187557
181947
177344
171283
166144
161527
156200
153857
149187
143950
140403
136383
134504
130083
125317
122997
120147
118468
114276
110971
108463
105295
104288
100723
98912
96883
94867
93141
90829
88964
87637
86102
84863
82169
80467
78476
77370
76355
74998
73082
72518
71075
70399
68990
67075
66290
65876
64640
63708
62679
61519
60681
60448
59367
58629
57203
57296
56497
55559
55485
53664
53982
53871
53166
51894
51869
50560
50882
49657
49306
48339
48030
47814
47199
46332
45697
45787
45283
44132
44136
42689
42387
42315
41325
40625
40392
39611
39118
38470
37589
36871
36562
36207
35339
34690
34089
33937
33318
33046
32033
31657
31353
30958
30608
29378
29499
28933
28606
28710
27734
27302
27130
26889
26613
25926
25514
25040
25445
24665
24161
23997
23584
23524
23182
22530
22127
21976
21758
21227
20613
20797
20516
20409
19802
19686
19076
19084
18908
18438
17913
17754
17490
17623
17239
16657
16984
16601
16345
16104
15707
15659
15716
15333
14841
14757
14841
14214
14165
14109
13616
13962
13434
13548
13520
13032
13235
12753
12712
12609
12456
12605
12386
12038
11911
11598
11734
11272
11332
11178
10984
10905
10544
10529
10283
10333
10048
9777
9761
9575
9431
9778
9371
9381
9045
8889
8638
8614
8592
8443
8353
8184
8293
8313
8128
7935
7931
7664
7989
7670
7476
7456
7579
7566
7405
7223
7120
7279
7179
6994
7088
6844
6993
6956
6678
6481
6588
6371
6524
6289
6089
6131
6043
6157
5888
5701
5644
5670
5606
5456
5496
5387
5160
5276
5178
5101
5203
5001
4986
4840
4784
4727
4705
4541
4413
4378
4457
4142
4210
4292
3966
4095
4076
4065
3971
3884
3910
3940
3709
3695
3567
3540
3801
3630
3504
3383
3555
3457
3427
3456
3358
3365
3477
3292
3256
3246
3113
3177
3191
3100
3076
3100
3121
3034
2918
2813
2896
2847
2741
2792
2819
2672
2580
2715
2568
2630
2560
2519
2546
2551
2529
2474
2417
2449
2463
2327
2407
2374
2298
2319
2242
2202
2088
2114
2142
2190
2037
2099
2105
2060
2054
1931
2017
1998
1914
1958
1838
1905
1817
1875
1747
1794
1764
1779
1671
1661
1696
1667
1721
1627
1621
1663
1631
1558
1595
1553
1494
1546
1418
1520
1476
1493
1483
1474
1462
1439
1338
1395
1446
1354
1419
1361
1395
1409
1393
1281
1339
1273
1283
1301
1225
1272
1335
1239
1269
1218
1255
1252
1226
1269
1186
1229
1206
1218
1177
1118
1142
1114
1138
1121
1082
1153
1087
1108
1066
1056
1068
1129
1078
1076
1021
1026
1097
1010
1074
1012
968
975
989
928
958
947
897
1046
967
907
909
828
959
928
861
891
880
893
933
865
897
893
857
932
804
890
854
876
835
819
832
852
819
797
832
750
773
788
790
823
761
798
793
770
760
807
774
766
696
700
769
735
732
714
717
718
682
725
706
737
714
665
700
679
671
678
656
679
677
646
626
673
649
657
592
632
683
627
674
641
652
600
626
625
607
619
582
605
572
581
546
603
598
590
583
566
587
573
549
517
543
538
521
535
574
524
579
557
536
490
456
501
556
540
541
505
458
562
489
462
420
489
471
469
434
474
464
476
448
486
480
466
451
478
463
432
412
460
429
435
427
443
448
445
427
391
371
423
426
432
429
378
412
401
375
443
398
424
399
378
371
386
385
356
350
398
373
385
379
362
373
367
342
345
344
354
332
341
377
343
321
363
327
360
303
351
326
338
331
315
352
309
345
323
306
354
323
320
303
289
309
334
323
305
278
304
303
304
347
286
296
299
318
292
281
296
279
289
279
302
320
250
271
276
289
270
288
284
246
306
281
263
268
259
258
228
282
298
269
256
222
291
255
241
249
249
257
254
263
258
246
225
259
249
245
209
234
225
232
243
256
233
231
217
253
253
220
202
232
232
251
235
222
215
231
199
230
225
212
215
216
207
214
204
237
201
220
217
210
202
211
215
211
215
210
212
189
198
211
210
218
199
219
201
196
214
200
214
187
214
187
167
196
205
186
187
202
228
201
206
195
196
175
186
182
200
184
199
193
202
208
187
213
190
181
175
165
202
170
177
163
181
175
206
161
182
198
174
150
171
146
201
176
165
168
144
159
166
180
166
148
155
159
176
178
169
146
155
162
162
139
156
154
144
160
138
167
165
144
157
130
139
153
146
149
154
163
153
151
153
137
142
131
155
151
157
148
149
138
141
132
133
135
142
145
130
144
148
134
155
148
151
119
135
135
133
134
126
139
108
145
132
122
134
110
132
124
160
130
115
124
121
132
127
101
99
114
139
110
139
122
111
127
120
121
123
121
93
111
108
115
103
125
117
122
97
102
136
107
117
120
124
109
125
109
98
107
114
98
108
103
113
118
117
126
100
100
93
99
107
103
107
120
99
98
109
105
89
115
102
105
84
99
95
92
88
87
108
102
88
80
111
78
101
101
83
78
97
111
83
104
101
96
108
93
109
110
85
90
91
100
92
93
78
90
98
94
71
99
86
97
90
92
85
87
83
96
81
97
100
90
83
57
84
77
71
92
92
100
68
88
98
75
96
78
69
82
69
78
82
84
67
80
76
100
92
71
76
90
76
88
75
68
73
68
78
80
89
61
57
82
64
72
80
89
87
59
89
75
62
82
90
74
77
71
64
65
86
86
87
68
66
75
76
80
66
60
64
79
67
63
70
73
85
72
68
71
76
71
69
58
64
60
58
75
65
62
67
72
74
74
66
75
65
63
78
74
50
68
67
72
68
79
69
72
65
51
66
42
64
65
62
76
69
57
65
44
60
62
54
61
65
56
58
67
76
61
71
71
59
57
54
72
53
47
66
65
62
73
52
56
66
67
51
45
58
56
56
61
65
44
54
73
48
56
47
46
64
60
61
64
43
54
57
49
46
55
53
52
52
58
59
48
60
57
64
44
68
52
46
51
47
60
45
47
49
52
59
52
46
52
53
46
47
45
59
41
49
53
46
46
39
62
47
55
44
48
47
41
45
51
47
39
34
31
33
41
35
38
39
40
37
51
48
41
57
50
49
44
49
34
48
43
36
47
41
41
59
40
40
49
35
35
37
40
34
34
22
44
38
41
47
42
39
35
28
41
39
38
39
44
39
30
41
37
29
36
31
30
44
39
30
38
41
27
33
35
49
40
26
33
33
39
32
41
47
41
40
33
37
32
28
39
38
36
45
37
35
29
41
44
31
49
35
32
35
31
37
42
29
29
24
34
39
35
38
38
43
33
40
32
23
39
30
37
36
32
36
29
29
33
28
35
37
38
29
31
31
37
40
34
28
35
22
21
29
39
29
35
29
35
28
25
31
33
39
33
32
25
28
29
32
25
25
31
29
31
33
35
41
25
28
36
26
29
34
36
31
33
34
25
29
34
23
28
26
22
32
29
18
19
32
32
33
28
22
24
40
29
35
22
35
34
33
27
28
25
29
28
26
23
34
29
31
28
36
40
38
42
27
29
24
23
31
29
31
22
24
25
28
27
31
26
28
30
36
32
28
36
29
37
31
31
28
30
26
28
45
34
35
26
26
35
49
28
31
38
33
24
32
33
38
17
29
35
17
32
35
29
23
22
30
40
21
22
31
23
29
32
29
35
25
34
35
31
27
36
28
34
34
24
27
24
23
24
30
29
24
28
22
29
31
36
29
33
33
36
27
32
37
30
23
34
43
30
32
36
26
34
34
28
35
31
35
26
27
25
39
25
13
25
29
34
22
24
24
37
29
30
25
28
28
28
31
36
32
23
41
35
35
36
34
31
37
33
40
29
36
23
30
35
43
35
33
38
24
33
43
37
28
29
36
41
35
36
36
27
37
35
34
26
30
37
38
28
32
30
34
20
38
38
30
38
30
39
36
29
31
27
25
24
34
30
21
27
33
42
30
30
35
24
33
37
35
30
36
31
48
34
25
27
33
28
32
29
18
35
30
23
24
33
25
26
30
32
24
23
37
34
38
24
36
29
38
36
38
26
30
38
31
34
21
27
30
36
27
30
26
31
24
32
28
33
40
38
38
24
30
29
29
30
21
31
23
26
30
30
27
34
25
29
37
40
26
35
35
32
33
27
39
30
33
19
32
30
27
27
32
19
24
29
30
27
17
42
22
24
25
27
23
26
26
25
28
27
32
32
30
20
22
30
26
22
23
28
32
29
25
21
15
29
20
27
29
29
26
23
22
28
22
16
28
29
16
15
25
25
15
26
32
21
22
27
19
30
21
25
17
22
13
19
28
26
24
20
25
33
27
27
22
21
24
11
25
24
18
13
23
16
21
12
17
14
10
27
19
15
20
21
22
17
14
17
32
9
20
17
18
22
15
23
22
18
18
21
13
18
24
17
18
21
10
19
17
11
15
23
18
31
17
21
21
24
18
14
12
17
21
15
21
13
18
13
16
22
17
16
16
9
8
17
13
21
11
12
16
19
15
17
18
22
14
18
19
12
12
14
11
17
23
18
11
13
11
14
14
18
19
18
11
14
12
12
11
11
15
9
15
11
11
16
13
11
11
12
14
10
16
12
6
8
12
15
14
12
11
15
8
12
14
15
8
13
14
9
14
20
10
11
11
9
8
13
6
11
16
9
11
7
9
16
10
9
13
10
13
10
9
8
13
11
17
10
9
12
6
13
14
9
9
18
7
18
14
21
11
15
15
10
9
11
10
10
14
9
9
18
7
10
10
11
13
12
10
12
11
15
10
13
10
11
11
13
9
5
9
10
11
5
11
5
15
8
7
11
9
11
9
6
8
9
6
13
9
8
8
7
10
10
5
13
9
8
6
7
3
9
10
14
5
8
5
11
13
10
12
11
10
5
9
13
9
10
10
4
11
10
6
12
6
8
7
8
11
10
4
9
5
12
12
12
8
6
9
11
4
8
5
7
8
10
9
14
9
8
6
4
12
7
11
17
7
8
12
4
11
3
6
7
10
9
7
13
6
6
13
10
10
8
6
9
7
8
12
15
7
5
7
7
13
8
4
5
7
4
11
5
7
4
9
9
2
6
11
7
7
4
7
7
6
1
3
3
5
2
7
4
6
8
4
14
6
9
6
6
8
9
7
5
9
7
7
11
6
5
4
9
9
7
6
7
8
2
7
7
4
9
8
5
2
5
5
6
9
4
4
5
5
6
7
0
8
9
8
5
5
7
7
4
7
9
5
5
10
9
3
8
8
6
3
10
5
10
12
9
6
4
4
10
6
6
6
2
8
2
2
9
7
3
5
8
6
10
6
4
9
5
4
3
3
4
5
3
3
4
3
5
5
7
6
2
9
6
5
5
5
3
8
5
3
5
1
8
4
3
5
5
6
3
3
6
6
8
7
5
4
2
4
4
8
5
6
6
9
1
4
5
1
5
4
8
4
6
5
4
6
8
4
6
1
6
3
4
7
2
2
3
9
9
2
3
6
5
4
4
5
4
6
7
6
7
5
3
2
7
4
3
7
3
5
6
4
1
6
3
4
3
5
4
3
2
3
8
5
5
8
4
7
7
3
7
5
3
6
3
3
5
3
5
8
3
5
3
7
5
3
4
3
4
6
2
3
4
3
4
6
3
2
5
4
2
5
2
3
3
3
3
2
1
4
5
3
5
5
4
3
3
1
6
2
2
1
7
5
4
6
3
5
1
1
7
6
4
5
4
3
3
3
1
2
2
3
3
6
3
5
5
4
2
9
3
4
5
4
6
4
3
4
4
0
5
6
3
3
4
2
3
2
2
3
1
5
1
0
6
3
8
2
5
0
3
6
6
4
2
5
3
3
2
3
1
3
3
2
3
5
4
4
5
5
4
4
4
2
4
1
5
2
3
3
2
2
4
6
4
5
4
4
6
4
2
2
4
1
2
3
5
4
3
4
4
5
3
3
2
4
2
3
4
3
2
6
0
6
0
9
2
4
4
4
0
0
3
5
5
2
4
5
2
1
4
4
5
4
4
2
7
1
0
2
2
4
4
3
1
0
6
10
2
2
3
3
5
2
4
3
1
5
4
2
1
5
1
0
5
4
7
2
5
3
2
1
2
3
3
2
7
3
2
4
3
3
3
7
1
0
1
1
2
0
1
2
4
2
0
6
3
3
1
2
2
2
4
5
1
1
4
4
6
3
1
3
1
3
2
1
0
1
2
5
4
2
1
3
0
1
3
0
2
1
1
4
2
4
4
8
1
1
3
2
1
3
6
8
4
2
3
1
1
0
3
3
2
3
3
1
3
5
4
3
2
3
4
1
3
0
4
4
3
2
5
2
3
2
2
2
4
4
3
1
1
2
4
3
2
2
4
3
3
1
3
2
2
1
2
1
2
4
0
0
4
1
4
2
2
3
2
3
1
5
1
2
4
4
4
4
2
1
5
3
0
3
4
2
2
2
6
3
2
2
4
2
0
3
4
1
0
7
2
2
3
0
3
2
4
2
0
2
5
3
2
3
1
5
2
1
2
2
4
0
2
1
1
1
2
0
2
6
2
2
5
4
5
4
1
3
0
2
2
0
2
6
0
0
0
0
0
1
2
2
1
2
2
4
5
4
1
1
3
2
1
3
3
1
2
1
1
3
1
3
1
4
1
4
6
1
2
0
2
4
1
2
1
4
3
3
2
2
3
3
3
1
2
1
2
1
2
0
1
3
1
7
5
2
2
2
1
1
1
5
1
0
4
7
1
1
1
1
1
3
3
1
0
2
1
3
2
5
1
2
4
1
3
2
2
1
2
1
1
0
1
1
2
1
1
1
2
4
3
4
2
2
0
2
2
1
5
3
5
3
2
1
1
1
2
2
1
2
3
3
1
2
2
2
1
0
2
4
1
3
3
2
1
1
1
7
1
2
1
6
4
3
2
4
1
1
2
1
1
1
0
4
3
3
2
1
2
3
5
3
5
0
3
2
1
1
0
0
1
1
1
2
1
5
1
2
3
5
3
3
5
2
0
5
1
4
2
2
1
1
5
1
3
2
2
3
3
1
1
1
1
0
1
1
2
1
1
3
4
1
3
3
3
2
2
5
2
1
3
3
4
3
1
1
6
2
3
5
5
2
2
4
0
2
2
4
2
2
1
4
3
1
3
1
3
1
4
1
1
0
0
2
3
0
2
1
3
2
1
4
1
1
3
0
2
2
2
5
3
2
3
3
3
1
0
1
1
5
4
2
1
2
2
0
1
2
2
4
3
0
3
7
5
2
4
6
3
2
3
1
2
1
0
3
3
1
2
0
3
1
1
5
1
0
0
0
1
3
2
1
2
2
1
5
3
1
2
1
4
2
9
3
5
1
3
2
4
4
7
1
0
3
2
2
0
2
1
1
2
2
2
4
0
3
3
3
3
6
0
4
1
2
3
3
5
1
2
2
2
1
3
2
4
1
0
2
1
2
5
4
1
2
1
2
2
4
1
4
3
5
3
2
2
3
0
1
1
0
4
2
4
1
1
2
1
1
2
1
2
4
1
3
1
2
5
1
4
3
3
3
0
2
4
4
1
2
1
3
3
4
6
3
6
1
2
2
3
1
2
2
0
2
1
2
3
2
0
3
2
1
3
4
3
0
5
0
5
1
1
4
1
1
1
4
4
1
2
3
1
2
2
0
3
2
2
2
2
3
5
1
0
6
2
2
2
3
3
1
4
5
1
1
2
1
4
1
3
4
3
3
3
5
0
2
1
0
2
3
1
2
4
2
3
4
6
1
1
1
4
1
0
2
1
1
5
4
5
5
2
3
6
3
4
2
4
1
3
4
3
6
2
2
4
2
4
2
1
4
1
4
1
2
3
3
3
2
5
3
0
4
3
2
4
2
1
0
2
2
4
1
4
2
2
4
4
3
0
3
4
2
1
3
2
6
5
3
3
3
2
3
6
1
5
1
2
2
1
5
4
2
4
6
4
5
5
2
3
1
3
4
1
1
3
5
3
2
8
6
1
2
1
1
1
1
3
1
2
2
1
2
2
2
6
3
2
3
3
4
2
1
2
3
3
2
2
2
5
4
1
2
3
3
5
0
4
1
7
4
4
1
4
2
3
3
4
5
3
1
2
2
1
2
1
2
5
5
2
3
2
1
2
3
1
5
2
2
6
3
2
1
5
4
3
3
4
3
4
2
0
1
3
2
2
3
6
3
2
1
3
6
2
3
2
1
1
0
0
5
2
3
2
4
3
2
1
1
2
2
4
3
2
5
1
5
4
1
2
1
2
3
1
3
1
1
2
3
3
5
5
3
1
1
3
1
2
3
3
3
2
1
2
1
3
2
4
4
3
2
0
4
1
0
3
2
1
5
1
2
2
3
2
7
3
0
0
2
2
2
2
1
3
2
2
3
1
2
4
6
1
2
4
2
1
4
3
2
1
3
5
2
2
1
3
1
4
2
5
3
3
1
4
5
2
3
1
2
3
4
3
3
2
0
2
2
4
2
3
1
2
4
1
1
4
1
1
0
3
4
1
2
4
4
1
3
1
6
0
2
1
0
1
2
2
2
2
0
2
3
1
1
1
2
3
4
0
5
2
1
2
1
2
1
2
4
2
1
1
1
1
1
2
4
4
3
1
0
2
2
2
2
2
4
2
2
1
4
2
2
3
3
5
1
2
1
1
2
0
2
1
0
1
2
0
0
1
1
0
0
2
3
2
6
1
1
1
2
1
0
1
1
3
4
1
4
1
2
2
1
2
1
2
0
0
2
2
1
0
4
0
4
2
1
0
4
1
2
4
2
1
1
2
0
2
0
2
0
0
2
3
1
0
0
0
2
2
4
1
1
0
1
2
3
3
2
1
1
0
2
2
0
1
0
0
2
2
1
2
3
3
0
2
2
2
2
5
0
0
5
3
1
0
0
3
2
0
0
0
2
4
2
1
1
2
2
2
0
2
2
1
2
1
2
2
3
1
3
2
0
2
0
3
0
4
1
0
5
3
1
1
2
3
2
1
4
2
1
2
3
3
1
2
0
0
1
0
1
2
1
0
1
4
1
0
2
2
0
2
2
4
2
0
2
0
2
2
1
1
2
0
2
2
0
2
2
1
0
0
1
2
1
0
0
1
0
2
1
1
1
2
1
0
1
0
2
2
3
2
3
1
1
3
3
2
0
0
0
1
1
0
0
1
2
1
1
0
2
4
0
0
1
1
1
0
1
2
0
1
1
1
1
1
1
1
0
5
4
2
1
0
0
1
1
1
1
1
0
1
0
2
1
1
1
1
0
0
0
0
0
1
0
0
3
1
2
1
0
1
1
1
1
0
0
3
1
1
1
1
2
0
0
0
1
1
0
1
1
1
3
1
1
2
2
1
2
0
0
3
0
1
0
1
3
0
0
1
1
0
1
2
1
2
0
1
4
0
0
2
0
0
0
0
1
0
0
0
1
2
0
0
0
1
0
2
0
0
1
1
1
1
2
0
0
1
0
0
0
1
1
0
2
2
1
0
0
0
0
0
2
1
0
0
1
0
0
0
2
1
1
4
0
0
0
1
1
1
2
1
0
0
0
1
0
0
1
1
2
1
0
1
0
2
1
1
1
1
1
0
0
0
0
1
2
1
1
2
0
1
0
0
0
0
0
0
1
1
0
1
1
0
2
0
1
3
0
0
1
0
1
0
0
0
1
0
1
1
0
1
0
1
1
2
0
0
0
0
0
0
0
0
0
1
0
0
0
0
0
1
0
0
0
0
1
0
1
0
0
0
1
1
1
0
0
0
0
0
0
1
1
0
0
0
0
0
0
1
1
0
0
1
3
0
0
0
0
0
0
1
0
3
1
0
1
1
0
1
1
0
4
0
0
0
1
0
0
1
0
0
0
0
0
3
0
1
0
1
1
0
2
0
1
0
0
1
0
0
1
0
1
1
0
1
0
0
0
1
2
0
1
0
0
0
1
0
0
0
0
0
1
0
0
0
0
0
0
0
3
0
0
0
0
0
0
0
1
2
0
1
1
0
0
1
0
0
1
1
0
0
0
0
0
0
0
0
1
1
0
0
0
0
0
0
1
0
1
0
0
1
1
0
1
0
0
1
0
0
1
0
0
0
0
0
1
0
0
1
0
0
0
0
1
1
1
0
0
0
0
1
0
0
0
0
0
1
1
0
0
0
1
0
0
0
0
1
0
1
1
0
1
0
2
0
1
2
0
1
0
0
0
1
1
0
0
0
0
0
0
0
0
0
0
1
0
1
0
0
0
1
0
0
0
1
2
0
1
0
1
0
0
0
0
2
0
0
0
0
2
0
1
1
1
0
1
0
0
0
1
0
0
0
0
0
0
0
0
0
0
0
1
0
1
1
0
0
1
0
0
0
0
0
0
0
0
1
1
1
0
1
0
0
0
1
0
0
0
0
1
0
1
0
0
0
0
0
2
0
0
0
0
0
1
0
0
0
0
0
0
0
0
0
0
0
0
0
0
0
2
0
1
0
0
0
0
0
2
0
0
0
0
0
0
0
0
1
0
0
0
2
1
0
1
0
0
0
0
0
1
1
0
1
0
2
1
0
0
0
1
0
0
1
0
0
0
1
1
0
0
0
0
0
0
1
0
1
0
0
2
0
3
0
1
0
1
0
1
0
1
2
1
0
0
0
0
0
0
0
0
0
0
0
1
0
1
0
0
2
0
0
0
0
0
0
0
0
0
0
0
0
1
1
0
0
1
0
0
1
0
0
0
0
0
0
0
0
0
0
0
0
0
0
1
0
0
0
0
0
0
0
0
0
0
0
0
0
0
0
1
1
0
1
0
0
1
0
0
0
0
0
0
0
0
0
0
0
0
0
0
0
0
0
0
1
1
1
0
0
0
1
0
0
0
0
0
0
0
0
0
0
0
0
0
0
0
0
0
0
0
0
0
0
0
0
0
0
0
0
0
1
0
0
2
1
0
0
1
0
2
0
0
0
1
0
0
0
0
0
0
0
0
0
1
1
0
1
0
1
0
0
0
0
1
0
1
0
0
0
0
0
1
0
0
0
0
3
1
1
0
0
0
0
1
0
0
0
0
1
0
1
0
0
0
0
0
0
0
1
0
0
0
0
1
0
0
0
1
0
0
0
0
1
0
0
0
0
0
0
1
0
0
0
0
0
0
0
0
0
0
1
1
0
0
0
0
0
0
0
1
0
0
2
1
1
0
0
0
0
0
0
0
1
0
0
0
0
0
0
1
0
0
0
0
0
0
0
0
0
0
0
0
0
0
0
2
0
0
0
0
0
0
0
0
0
0
1
0
0
0
0
0
0
0
1
0
0
0
1
0
0
0
1
0
0
0
0
0
0
0
0
0
1
0
0
0
0
0
0
0
0
0
1
0
0
0
0
1
0
0
0
0
0
0
0
0
0
0
0
0
0
0
0
0
0
0
0
0
1
0
0
0
0
0
0
0
0
0
0
0
0
1
0
1
0
0
0
0
0
0
0
0
0
0
0
0
0
0
1
0
0
0
1
0
0
0
0
0
0
0
0
0
0
0
0
0
0
0
0
0
0
1
0
0
0
0
0
0
0
0
0
0
1
0
0
0
0
0
1
0
0
1
0
0
0
0
0
0
0
0
0
0
0
0
0
0
0
0
0
0
0
0
0
0
0
0
0
0
1
0
0
1
1
0
0
1
0
0
0
0
0
0
1
0
0
0
0
0
0
0
0
0
1
0
0
0
0
1
0
0
0
0
0
0
0
0
0
0
0
1
0
0
0
0
0
0
0
0
0
1
0
0
2
0
0
1
1
0
0
0
1
0
0
0
1
0
0
1
0
0
0
0
0
0
0
0
0
1
0
1
1
0
0
2
0
1
0
0
2
1
0
0
0
0
0
0
0
0
0
0
1
0
0
0
0
0
0
1
0
1
0
0
1
0
0
0
0
0
0
0
1
0
0
0
0
0
0
0
1
0
0
0
0
0
0
0
0
0
0
1
0
0
0
0
0
0
0
0
0
0
0
0
0
0
0
0
0
0
0
0
0
0
0
1
0
0
0
1
0
0
0
0
0
0
0
0
0
0
0
0
0
0
0
0
0
0
0
0
2
0
0
0
0
0
0
0
0
0
0
0
0
0
0
1
0
0
0
0
0
0
0
0
0
0
0
0
0
0
0
0
0
0
0
1
0
0
0
1
0
0
0
0
0
0
2
0
1
0
0
0
0
0
0
0
0
1
0
0
0
0
0
1
0
0
1
0
0
0
0
0
0
0
0
0
0
0
0
0
0
0
0
0
0
1
0
0
1
0
0
0
0
0
0
0
0
0
0
0
0
0
0
0
1
0
0
0
0
0
1
0
1
0
0
0
0
1
0
0
0
0
0
0
0
0
0
0
0
0
0
0
1
0
0
0
0
0
0
0
0
0
1
0
0
0
0
0
0
0
0
0
0
0
0
1
1
0
0
0
0
0
0
0
0
0
0
0
0
0
0
0
0
0
0
0
0
1
0
1
0
0
0
0
0
0
0
0
0
0
0
0
0
1
0
0
0
0
0
0
0
1
1
0
0
0
0
0
1
0
0
0
0
0
1
0
0
0
0
0
0
0
0
0
0
0
0
0
0
0
0
0
0
0
0
0
0
1
0
0
0
1
0
0
0
0
2
0
1
0
1
0
0
0
0
0
0
0
0
0
0
0
0
0
0
0
0
0
0
0
1
0
0
1
0
0
0
0
1
0
0
0
1
1
1
1
0
0
0
0
0
1
1
0
0
0
0
0
0
0
0
1
0
0
0
0
0
0
0
0
0
0
0
0
0
0
0
0
0
0
0
0
0
0
0
0
0
1
0
0
0
0
0
0
0
0
0
0
0
0
0
0
0
0
0
0
1
0
0
0
0
0
0
0
0
0
0
0
0
0
0
0
0
0
0
0
0
0
0
1
0
0
0
0
0
0
0
0
0
0
0
0
0
0
0
0
0
0
1
0
0
0
0
0
0
0
0
0
0
0
0
0
0
0
0
0
0
0
0
0
0
0
1
0
0
0
0
0
0
0
1
0
0
0
0
0
0
0
0
0
0
0
1
0
0
0
0
0
0
0
0
0
0
0
0
0
0
0
0
0
0
0
0
0
1
0
0
0
0
0
1
0
0
0
0
0
1
0
1
0
0
0
0
0
0
0
0
0
0
0
0
0
0
0
0
0
0
0
0
0
0
0
0
0
0
1
0
0
0
0
1
0
0
0
0
0
0
0
0
0
0
0
0
0
1
1
0
0
0
0
0
0
0
0
0
0
0
0
0
1
0
0
0
1
0
0
0
0
0
0
1
0
0
0
0
1
0
0
0
0
0
0
0
0
0
0
0
0
0
0
0
0
0
0
0
0
0
0
0
1
0
0
0
0
0
0
0
0
0
0
0
0
0
0
0
0
0
0
0
0
0
1
0
0
0
0
0
0
0
0
0
0
0
0
0
0
0
0
0
0
0
0
0
0
0
0
0
0
0
0
0
0
0
0
0
0
0
0
0
0
0
0
0
0
1
0
0
0
0
0
1
0
0
0
0
0
0
0
0
0
0
0
0
0
0
0
0
0
0
0
0
0
0
0
0
0
0
0
0
0
0
0
0
1
0
0
0
0
0
0
0
0
0
0
0
0
0
0
0
0
0
0
0
0
0
0
0
0
0
0
0
0
0
0
1
0
0
0
1
0
0
0
0
0
0
0
0
1
0
0
0
0
0
0
0
1
0
0
1
0
0
0
0
0
1
0
0
0
1
0
0
0
0
0
0
0
0
0
0
0
2
0
0
1
0
0
0
1
0
0
0
0
0
0
0
0
0
0
0
0
0
1
1
0
0
0
0
0
0
0
1
0
0
0
0
0
0
0
0
0
0
0
0
0
1
0
0
0
0
1
0
0
0
0
0
0
0
0
0
0
0
0
0
0
0
0
0
0
0
0
0
0
0
0
0
0
0
0
0
0
1
0
0
0
0
1
0
0
0
0
0
0
0
0
0
2
0
0
0
0
0
0
0
0
0
0
0
0
0
0
0
0
0
0
0
0
0
0
0
1
0
0
0
0
0
1
0
0
0
0
0
0
0
0
1
0
0
0
0
0
0
0
0
0
0
0
0
0
0
0
0
0
0
0
0
1
0
0
0
0
0
0
0
0
0
0
0
0
0
0
0
0
0
0
0
0
0
0
0
0
0
0
0
0
1
0
0
0
0
0
0
0
0
0
0
0
0
0
0
0
1
0
0
0
0
0
0
0
0
0
0
0
0
0
0
0
1
0
0
0
0
0
0
0
0
0
0
0
0
0
0
0
0
0
0
0
0
0
0
0
0
0
1
0
0
0
0
0
0
0
0
0
0
0
0
0
0
1
0
1
0
0
0
0
0
1
0
0
0
0
0
0
0
0
0
0
0
0
0
1
0
0
0
0
0
0
0
0
0
0
0
0
0
0
0
0
0
0
0
0
0
0
0
0
0
0
0
0
0
0
0
0
0
0
0
0
0
0
0
0
0
0
0
0
0
0
0
0
0
0
0
0
0
0
0
0
0
0
0
0
0
0
0
0
0
0
0
0
0
0
0
1
0
0
0
0
0
0
0
0
0
0
0
0
0
0
0
0
0
0
0
0
0
0
0
0
0
0
0
0
0
1
0
0
1
0
0
0
0
0
0
0
0
0
0
0
0
0
0
0
0
0
0
0
0
0
0
0
0
0
0
0
0
0
0
0
0
0
0
0
0
0
0
0
0
0
0
0
0
0
0
0
0
0
0
0
0
0
0
0
0
0
0
0
0
0
0
0
0
0
0
0
0
0
0
0
0
0
0
0
0
0
0
0
0
0
0
0
0
0
0
0
0
0
0
0
0
0
0
0
1
1
0
0
0
0
0
0
0
0
0
0
0
0
0
0
0
0
0
0
0
0
0
0
0
0
0
0
0
0
0
0
0
0
0
0
0
0
0
0
0
0
0
0
0
1
0
0
0
0
0
0
0
0
0
0
0
0
0
0
0
0
0
0
0
0
0
0
0
0
0
0
0
0
0
0
0
0
0
0
0
0
0
0
0
0
0
0
0
0
0
0
1
0
0
0
0
0
0
0
0
0
0
0
0
0
0
2
0
0
0
0
0
0
0
0
0
0
0
0
0
0
0
0
0
0
0
0
0
0
0
0
1
0
0
0
0
0
0
0
0
0
0
0
0
0
0
1
0
0
0
0
0
0
0
0
0
0
0
0
0
1
0
0
1
0
0
0
0
0
0
0
0
0
0
0
1
0
0
0
0
0
0
0
0
2
0
0
0
0
0
0
0
0
0
0
0
0
0
0
0
0
0
1
0
0
0
0
0
0
0
0
0
0
0
0
0
0
0
0
0
0
0
0
0
0
0
0
0
0
0
0
0
0
0
0
0
0
1
0
0
0
0
0
1
0
0
0
0
0
0
0
0
0
0
0
0
0
0
0
0
0
0
0
0
0
0
1
0
0
0
0
0
0
0
0
1
0
0
0
0
0
0
0
0
0
0
0
0
0
0
0
0
0
0
0
0
0
0
0
0
0
0
0
0
0
0
0
0
0
0
0
0
0
0
0
0
0
0
0
0
0
0
0
0
0
0
0
0
0
0
1
0
0
0
0
0
0
0
0
0
0
1
0
0
0
0
0
0
0
0
0
0
0
0
0
0
0
0
0
0
0
0
0
0
0
0
0
0
0
0
0
0
0
0
0
0
0
0
0
0
0
0
0
0
0
0
0
0
0
0
0
0
0
0
1
0
0
0
0
0
0
0
0
0
0
0
0
0
0
0
0
0
0
0
0
1
0
0
0
0
0
0
0
0
0
0
0
0
0
0
0
0
0
0
0
0
0
0
0
0
0
0
0
0
0
0
0
0
0
0
0
0
0
0
0
0
1
0
0
0
0
0
0
0
0
0
0
0
0
0
0
0
0
0
0
0
0
0
0
0
0
1
0
0
0
0
0
0
0
0
0
0
0
0
0
0
0
0
0
0
0
0
0
0
0
0
0
0
1
0
0
0
0
0
0
0
0
0
0
0
0
0
0
0
0
0
0
0
0
0
0
0
0
0
0
0
0
0
0
0
0
1
0
0
0
0
0
0
0
0
0
0
0
0
0
0
0
0
0
0
0
0
0
0
0
0
0
0
0
0
0
0
0
0
0
0
0
0
0
1
0
0
0
0
0
0
0
0
0
0
0
0
0
0
0
0
0
0
0
0
0
0
0
0
0
0
0
0
0
0
0
0
0
0
0
0
0
0
0
0
0
0
0
0
0
0
0
0
0
0
0
0
0
0
0
0
0
0
0
0
0
0
0
0
0
0
0
0
0
0
0
0
0
0
0
0
1
0
0
0
0
0
0
0
0
0
0
0
0
0
0
0
0
0
0
0
0
0
0
0
0
0
0
0
0
0
0
0
0
0
0
0
0
0
0
0
0
0
0
0
1
0
0
0
0
0
0
0
0
0
0
0
0
0
0
0
0
0
0
0
0
0
0
0
0
0
0
0
0
0
0
0
0
0
0
0
0
0
0
0
0
0
0
1
0
0
0
0
0
0
0
0
0
0
0
0
0
0
0
0
0
1
0
0
0
0
0
0
0
0
0
0
0
0
0
0
0
0
0
0
0
0
0
0
0
0
0
0
0
0
0
0
0
1
0
0
0
0
0
0
0
0
0
0
0
0
0
0
0
0
0
0
0
0
0
1
0
0
0
0
0
0
0
0
0
0
0
0
0
0
0
0
0
1
0
0
0
0
0
0
0
0
0
0
0
0
0
0
0
0
0
0
0
0
0
0
0
0
0
0
0
0
0
0
0
0
0
0
0
0
0
0
0
0
0
0
0
0
0
0
0
0
0
0
0
0
0
0
0
0
0
0
0
1
0
0
0
0
0
0
0
0
0
0
0
0
0
0
0
0
0
0
0
0
0
0
0
0
0
0
0
0
0
0
0
0
0
0
0
0
1
0
0
0
0
0
0
0
0
0
0
0
0
0
0
0
0
0
0
0
0
0
0
0
1
0
0
0
0
0
0
0
0
0
0
0
0
0
0
0
0
0
0
0
0
0
0
0
0
0
0
0
0
0
0
0
0
0
0
0
0
0
0
0
0
0
0
0
0
0
0
0
0
0
0
0
0
1
0
0
0
0
0
0
0
0
0
0
0
0
0
0
0
0
0
0
0
0
0
0
0
0
0
0
0
0
0
0
0
0
0
0
0
0
0
0
0
0
0
0
0
0
0
0
0
0
0
0
0
0
0
0
0
0
0
0
0
0
0
0
0
0
0
0
0
0
0
0
0
0
0
0
0
0
0
0
0
0
0
0
0
1
0
0
0
0
0
0
0
1
0
0
0
0
0
0
0
0
0
0
0
0
0
0
0
0
0
0
0
0
0
0
0
0
0
0
0
0
0
0
0
0
0
0
0
0
0
0
0
0
0
0
0
0
0
0
0
0
0
0
0
0
0
0
0
0
0
0
0
0
1
1
0
0
0
0
0
0
0
0
1
0
0
0
0
0
0
0
0
0
0
0
0
0
0
0
1
0
0
0
0
0
0
0
0
0
0
0
0
0
0
0
0
0
0
0
0
0
0
1
0
0
0
0
0
0
0
0
0
0
0
0
0
0
0
0
0
0
0
0
0
0
1
0
0
0
0
0
0
0
0
0
0
0
0
0
0
0
0
0
0
0
0
0
1
0
0
0
1
0
0
0
0
0
0
0
0
0
0
0
0
0
0
0
0
0
0
0
0
0
0
0
0
0
0
0
0
0
0
0
0
0
0
0
0
0
0
0
0
0
0
0
0
0
0
0
0
0
0
0
0
0
0
0
0
1
0
0
0
0
0
0
0
0
0
0
0
0
0
0
0
0
0
0
0
0
0
0
0
0
0
0
0
0
0
0
0
0
0
0
0
0
0
0
0
0
0
1
0
0
1
0
0
0
0
0
0
0
0
0
0
0
0
0
0
0
0
0
0
0
0
0
0
0
0
0
0
0
0
0
0
0
0
0
0
0
0
0
0
0
0
0
0
0
0
0
0
0
0
0
0
0
0
0
0
0
0
0
0
0
0
0
0
0
0
0
0
0
0
0
0
0
0
0
0
0
0
0
0
0
0
0
0
0
0
0
0
0
0
0
0
0
0
0
0
0
0
0
0
0
0
0
0
0
0
0
0
0
0
0
0
0
0
0
0
0
1
0
0
0
0
0
0
0
0
0
0
0
0
0
0
0
0
0
0
0
0
0
0
0
0
0
0
0
0
0
0
0
0
0
0
0
0
0
0
0
0
0
0
0
0
0
0
0
0
0
0
0
0
0
0
0
0
0
0
0
0
0
0
0
0
0
0
0
0
0
0
0
0
0
0
0
0
0
0
0
0
0
0
0
0
0
0
0
0
0
0
0
0
0
0
0
0
0
0
0
0
0
0
0
0
0
0
0
0
0
0
0
0
0
0
0
0
0
0
0
0
0
0
0
0
0
0
0
0
0
0
0
0
0
0
0
0
0
0
0
0
0
0
0
0
0
0
0
0
0
0
0
0
0
0
0
0
0
1
0
0
0
0
0
0
0
0
0
0
0
0
0
0
0
0
0
0
0
0
0
0
1
0
0
0
0
0
0
0
0
0
0
0
0
0
0
0
0
0
0
0
0
0
0
0
0
0
0
0
0
0
0
0
0
0
0
0
0
0
0
0
1
0
0
1
0
0
0
0
0
0
0
0
0
0
0
1
0
0
0
0
0
0
0
0
0
0
0
0
0
0
0
0
0
0
0
0
1
0
0
0
0
0
0
0
0
0
0
0
0
0
0
0
0
0
0
0
0
0
0
0
0
0
0
0
0
0
0
0
0
0
0
0
0
0
0
0
0
0
0
0
0
0
0
1
0
0
0
0
0
0
0
0
0
0
0
0
0
0
0
0
0
0
0
0
1
0
0
0
0
0
0
0
0
0
0
0
0
0
0
0
0
0
0
0
0
0
0
0
0
0
0
0
0
0
1
0
0
0
0
0
0
0
0
0
0
0
0
0
0
0
2
0
0
0
0
0
0
0
0
0
0
0
0
0
0
0
0
0
0
0
0
0
0
0
0
0
0
1
0
0
0
0
0
0
0
0
0
0
0
0
0
0
0
0
0
0
0
0
0
0
0
0
0
0
0
0
0
0
0
0
0
0
0
0
0
0
0
0
0
0
0
0
1
0
0
0
0
0
0
0
0
0
0
0
0
0
0
0
0
0
0
0
0
0
0
0
0
0
0
0
0
0
0
0
0
0
0
0
0
0
0
0
0
0
0
0
0
0
0
0
0
0
0
0
0
0
0
0
0
0
0
0
1
0
0
0
0
0
0
0
0
0
0
0
0
0
0
0
0
0
0
0
0
0
0
0
0
1
0
0
0
0
0
0
0
0
0
0
0
0
0
0
0
0
0
0
0
0
0
0
0
0
0
0
0
0
0
0
0
0
0
0
0
0
0
0
0
0
0
0
0
0
0
0
0
0
0
0
0
0
0
0
0
0
0
0
0
0
0
0
0
0
0
0
0
0
0
0
0
0
0
0
0
0
0
0
0
0
0
0
0
0
0
0
0
0
0
0
0
0
0
0
0
0
0
0
0
0
0
0
0
0
0
0
0
0
0
0
0
0
0
0
0
0
0
0
0
0
0
0
0
0
0
0
0
0
0
0
0
0
0
0
0
0
0
0
0
0
0
0
0
0
0
0
0
0
0
0
0
0
0
0
0
0
0
0
0
0
0
0
0
0
0
0
0
0
0
0
0
0
0
0
0
0
0
0
0
0
0
0
0
0
0
0
0
0
0
0
0
0
0
0
0
0
0
0
0
0
0
0
0
0
0
0
0
0
0
0
0
0
0
0
0
0
0
0
0
0
0
0
0
0
0
0
0
0
0
0
0
0
0
0
0
0
0
0
0
0
0
0
0
0
0
0
0
0
0
0
0
0
0
0
0
0
0
0
0
0
0
0
0
0
0
0
0
0
0
0
0
0
0
0
0
0
0
0
0
0
0
0
0
0
0
0
0
0
0
0
0
0
0
0
0
0
0
0
0
0
0
0
0
0
0
0
0
0
0
0
0
0
0
0
0
0
0
0
0
0
0
0
0
0
0
0
0
0
0
0
0
0
0
0
0
0
0
0
0
0
0
0
0
0
0
0
0
0
0
0
0
0
1
0
0
0
0
0
0
0
0
0
0
0
0
0
0
0
0
0
0
0
0
0
0
0
0
0
0
0
0
0
0
0
0
0
0
0
0
0
0
0
0
0
0
0
0
0
0
0
0
0
0
0
0
0
0
0
0
0
0
0
0
0
0
0
0
0
0
0
0
0
0
0
1
0
0
0
0
0
0
0
0
0
0
0
0
0
0
0
0
0
0
0
0
0
0
0
0
0
0
0
0
0
0
0
0
0
0
0
0
0
0
0
0
0
0
0
0
0
0
0
0
0
0
0
0
0
0
0
0
0
0
0
0
0
0
0
0
0
0
0
0
0
0
0
0
0
0
0
0
0
0
0
0
0
0
0
0
0
0
0
0
0
0
0
0
0
0
0
0
0
0
0
0
1
0
0
0
0
0
0
1
0
0
0
0
0
0
0
0
0
0
0
0
0
0
0
0
0
0
0
0
0
0
0
0
0
0
0
0
0
0
0
0
0
0
0
0
0
0
0
0
0
0
0
0
0
0
0
0
0
0
0
0
0
0
0
1
0
0
0
0
0
0
0
0
0
0
0
0
0
0
0
0
0
0
0
0
0
0
0
0
0
0
0
0
0
0
0
0
0
0
0
0
0
0
0
0
0
0
0
1
0
0
0
0
0
0
0
0
0
0
0
0
1
0
0
0
0
0
0
0
0
0
0
0
0
0
0
0
0
0
0
0
0
0
0
0
0
0
0
0
0
0
0
0
0
0
0
0
0
0
0
0
0
0
0
0
0
0
0
0
0
0
0
0
0
0
0
0
0
0
0
0
0
0
0
0
0
0
0
0
0
0
0
0
0
0
0
0
0
0
0
0
0
0
0
0
0
0
0
0
0
0
0
0
0
0
0
0
0
0
0
0
0
0
0
0
0
0
0
0
0
0
0
0
0
0
0
0
0
0
0
0
0
0
0
0
0
0
0
0
0
0
0
0
0
0
0
0
0
0
0
0
0
0
0
0
0
0
0
0
0
0
0
0
0
0
0
0
0
0
0
0
0
0
0
1
0
0
0
0
0
0
0
0
0
0
0
0
0
0
0
0
0
0
0
0
0
0
0
0
0
0
0
0
0
0
0
0
0
0
0
0
0
0
0
0
0
0
0
0
0
0
0
0
0
0
0
0
0
0
0
0
0
0
0
0
1
0
0
0
0
0
0
0
0
0
0
0
0
0
0
0
0
0
0
0
0
0
0
0
0
0
0
0
0
0
0
0
0
0
0
0
0
0
0
0
0
0
0
0
0
0
0
0
0
0
0
0
0
0
0
0
0
0
0
0
0
0
0
0
0
0
0
0
0
0
0
0
0
0
0
0
0
1
0
0
0
0
0
0
0
0
0
0
0
0
0
0
0
0
0
0
0
0
0
0
0
0
0
0
0
0
0
0
0
0
0
0
0
0
0
0
0
0
0
0
0
0
0
0
0
0
0
0
0
0
0
0
0
0
0
0
0
0
0
0
0
0
0
0
0
0
0
0
0
0
0
0
0
0
0
0
0
0
0
0
0
0
0
0
0
0
0
0
0
0
0
0
0
0
0
0
0
0
0
0
0
0
0
0
0
0
0
0
0
0
0
0
0
1
0
0
0
0
0
0
0
0
0
0
0
0
1
0
0
0
0
0
0
0
0
0
0
0
0
0
0
0
0
0
0
0
0
0
0
0
0
0
0
0
0
0
0
0
0
0
0
0
0
0
0
0
0
0
0
0
0
0
0
0
0
0
0
0
0
0
0
0
0
0
0
0
0
0
0
0
0
0
0
0
0
0
0
0
0
0
0
0
0
0
0
0
0
0
0
0
0
0
0
0
0
0
0
0
0
0
0
0
0
0
0
0
0
1
0
0
0
0
0
0
0
0
0
0
0
0
0
0
0
0
0
0
0
0
0
0
0
0
0
0
0
0
0
0
0
0
0
0
0
0
0
0
0
0
0
0
0
0
0
0
0
0
0
0
0
0
0
0
0
0
0
0
0
0
0
0
0
0
0
0
0
0
0
0
0
0
0
0
0
0
0
0
0
0
0
0
0
0
0
0
0
0
0
0
0
0
0
0
0
0
0
0
0
0
0
0
0
0
0
0
0
0
0
0
0
0
0
0
0
0
0
0
0
0
0
0
0
0
0
0
0
0
0
0
0
0
0
0
0
0
0
0
0
0
0
0
0
0
0
0
0
0
0
0
0
0
0
0
0
0
0
0
0
0
0
0
0
0
0
0
0
0
0
0
0
0
0
0
0
0
0
0
0
0
0
0
0
0
0
0
0
0
0
0
0
0
0
0
0
0
0
0
0
0
0
0
0
0
0
0
0
0
0
0
0
0
0
0
0
0
0
0
0
0
0
0
0
0
0
0
0
0
0
0
0
0
0
0
0
0
0
0
0
0
0
0
0
0
0
0
0
0
0
0
0
0
0
0
0
0
0
0
0
0
0
0
0
0
0
0
0
0
0
0
0
0
0
0
0
0
0
0
0
0
0
0
0
0
0
0
0
0
0
0
0
1
0
0
0
0
0
0
0
0
0
0
0
0
0
0
0
0
0
0
0
0
0
0
0
0
0
0
0
0
0
0
0
0
0
0
0
0
0
0
0
0
0
0
0
0
0
0
0
0
0
0
0
0
0
0
0
0
0
0
0
0
0
0
0
0
0
0
0
0
0
0
0
0
0
0
0
0
0
0
0
0
0
0
0
0
0
0
0
0
0
0
0
0
0
0
0
0
0
0
0
0
0
0
0
0
0
0
0
0
0
0
0
0
0
0
0
0
0
0
0
0
0
0
0
0
0
0
0
0
0
0
0
0
0
0
0
0
0
0
0
0
0
0
0
0
0
0
0
0
0
0
0
0
0
0
0
0
0
0
0
0
0
0
0
0
0
0
0
0
0
0
0
0
0
0
0
0
0
0
0
0
0
0
0
0
0
0
0
0
0
0
0
0
0
0
0
0
0
0
0
0
0
0
0
0
0
0
0
0
0
0
0
0
0
0
0
0
0
0
0
0
0
0
0
0
0
0
0
0
0
0
0
0
0
0
0
0
0
0
0
0
0
0
0
0
0
0
0
0
0
0
0
0
0
0
0
0
0
0
0
0
0
0
0
0
0
0
0
0
0
0
0
0
0
0
0
0
0
0
0
0
0
0
0
0
0
0
0
0
0
0
0
0
0
0
0
0
0
0
0
0
0
0
0
0
0
0
0
0
0
0
0
0
0
0
0
0
0
0
0
0
0
0
0
0
0
0
0
0
0
0
0
0
0
0
0
0
0
0
0
0
0
0
0
0
0
0
0
0
0
0
0
0
0
0
0
0
0
0
0
0
0
0
0
0
0
0
0
0
0
0
0
0
0
0
0
0
0
0
0
0
0
0
0
0
0
0
0
0
0
0
0
0
0
0
0
0
0
0
0
0
0
0
0
0
0
0
0
0
0
0
0
0
0
0
0
0
0
0
0
0
0
0
0
0
0
0
0
0
0
0
0
0
0
0
0
0
0
0
0
0
0
0
0
0
0
0
0
0
0
0
0
0
0
0
0
0
0
0
0
0
0
0
0
0
0
0
0
0
0
0
0
0
0
0
0
0
0
0
0
0
0
0
0
0
0
0
0
0
0
0
0
0
0
0
0
0
0
0
0
0
0
0
0
0
0
0
0
0
0
0
0
0
0
0
0
0
0
0
0
0
0
0
0
0
0
0
0
0
0
0
0
0
0
0
0
0
0
0
0
0
0
0
0
0
0
0
0
0
0
0
0
0
0
0
0
0
0
0
0
0
0
0
0
0
0
0
0
0
0
0
0
0
0
0
0
0
0
0
0
0
0
0
0
0
0
0
0
0
0
0
0
0
0
0
0
0
0
0
0
0
0
0
0
0
0
0
0
0
0
0
0
0
0
0
0
0
0
0
0
0
0
0
0
0
0
0
0
0
0
0
0
0
0
0
0
0
0
0
0
0
0
0
0
0
0
0
0
0
0
0
0
0
0
0
0
0
0
0
0
0
0
0
0
0
0
0
0
0
0
0
0
0
0
0
0
0
0
0
0
0
0
0
0
0
0
0
0
0
0
0
0
0
0
0
0
0
0
0
0
0
0
0
0
0
0
0
0
0
0
0
0
0
0
0
0
0
0
0
0
0
0
0
0
0
0
0
0
0
0
0
0
0
0
0
0
0
0
0
0
0
0
0
0
0
0
0
0
0
0
0
0
0
0
0
0
0
0
0
0
0
0
0
0
0
0
0
0
0
0
0
0
0
0
0
0
0
0
0
0
0
0
0
0
0
0
0
0
0
0
0
0
0
0
0
0
0
0
0
0
0
0
0
0
0
0
0
0
0
0
0
0
0
0
0
0
0
0
0
0
0
0
0
0
0
0
0
0
0
0
0
0
0
0
0
0
0
0
0
0
0
0
0
0
0
0
0
0
0
0
0
0
0
0
0
0
0
0
0
0
0
0
0
0
0
0
0
0
0
0
0
0
0
0
0
0
0
0
0
0
0
0
0
0
0
0
0
0
0
0
0
0
0
0
0
0
0
0
0
0
0
0
0
0
0
0
0
0
0
0
0
0
0
0
0
0
0
0
0
0
0
0
0
0
0
0
0
0
0
0
0
0
0
0
0
0
0
0
0
0
0
0
0
0
0
0
0
0
0
0
0
0
0
0
0
0
0
0
0
0
0
0
0
0
0
0
0
0
0
0
0
0
0
0
0
0
0
0
0
0
0
0
0
0
0
0
0
0
0
0
0
0
0
0
0
0
0
0
0
0
0
0
0
0
0
0
0
0
0
0
0
0
0
0
0
0
0
0
0
0
0
0
0
0
0
0
0
0
0
0
0
0
0
0
0
0
0
0
0
0
0
0
0
0
0
0
0
0
0
0
0
0
0
0
0
0
0
0
0
0
0
0
0
0
0
0
0
0
0
0
0
0
0
0
0
0
0
0
0
0
0
0
0
0
0
0
0
0
0
0
0
0
0
0
0
0
0
0
0
0
0
0
0
0
0
0
0
0
0
0
0
0
0
0
0
0
0
0
0
0
0
0
0
0
0
0
0
0
0
0
0
0
0
0
0
0
0
0
0
0
0
0
0
0
0
0
0
0
0
0
0
0
0
0
0
0
0
0
0
0
0
0
0
0
0
0
0
0
0
0
0
0
0
0
0
0
0
0
0
0
0
0
0
0
0
0
0
0
0
0
0
0
0
0
0
0
0
0
0
0
0
0
0
0
0
0
0
0
0
0
0
0
0
0
0
0
0
0
0
0
0
0
0
0
0
0
0
0
0
0
0
0
0
0
0
0
0
0
0
0
0
0
0
0
0
0
0
0
0
0
0
0
0
0
0
0
0
0
0
0
0
0
0
0
0
0
0
0
0
0
0
0
0
0
0
0
0
0
0
0
0
0
0
0
0
0
0
0
0
0
0
0
0
0
0
0
0
0
0
0
0
0
0
0
0
0
0
0
0
0
0
0
0
0
0
0
0
0
0
0
0
0
0
0
0
0
0
0
0
0
0
0
0
0
0
0
0
0
0
0
0
0
0
0
0
0
0
0
0
0
0
0
0
0
0
0
0
0
0
0
0
0
0
0
0
0
0
0
0
0
0
0
0
0
0
0
0
0
0
0
0
0
0
0
0
0
0
0
0
0
0
0
0
0
0
0
0
0
0
0
0
0
0
0
0
0
0
0
0
0
0
0
0
0
0
0
0
0
0
0
0
0
0
0
0
0
0
0
0
0
0
0
0
0
0
0
0
0
0
0
0
0
0
0
0
0
0
0
0
0
0
0
0
0
0
0
0
0
0
0
0
0
0
0
0
0
0
0
0
0
0
0
0
0
0
0
0
0
0
0
0
0
0
0
0
0
0
0
0
0
0
0
0
0
0
0
0
0
0
0
0
0
0
0
0
0
0
0
0
0
0
0
0
0
0
0
0
0
0
0
0
0
0
0
0
0
0
0
0
0
0
0
0
0
0
0
0
0
0
0
0
0
0
0
0
0
0
0
0
0
0
0
0
0
0
0
0
0
0
0
0
0
0
0
0
0
0
0
0
0
0
0
0
0
0
0
0
0
0
0
0
0
0
0
0
0
0
0
0
0
0
0
0
0
0
0
0
0
0
0
0
0
0
0
0
0
0
0
0
0
0
0
0
0
0
0
0
0
0
0
0
0
0
0
0
0
0
0
0
0
0
0
0
0
0
0
0
0
0
0
0
0
0
0
0
0
0
0
0
0
0
0
0
0
0
0
0
0
0
0
0
0
0
0
0
0
0
0
0
0
0
0
0
0
0
0
0
0
0
0
0
0
0
0
0
0
0
0
0
0
0
0
0
0
0
0
0
0
0
0
0
0
0
0
0
0
0
0
0
0
0
0
0
0
0
0
0
0
0
0
0
0
0
0
0
0
0
0
0
0
0
0
0
0
0
0
0
0
0
0
0
0
0
0
0
0
0
0
0
0
0
0
0
0
0
0
0
0
0
0
0
0
0
0
0
0
0
0
0
0
0
0
0
0
0
0
0
0
0
0
0
0
0
0
0
0
0
0
0
0
0
0
0
0
0
0
0
0
0
0
0
0
0
0
0
0
0
0
0
0
0
0
0
0
0
0
0
0
0
0
0
0
0
0
0
0
0
0
0
0
0
0
0
0
0
0
0
0
0
0
0
0
0
0
0
0
0
0
0
0
0
0
0
0
0
0
0
0
0
0
0
0
0
0
0
0
0
0
0
0
0
0
0
0
0
0
0
0
0
0
0
0
0
0
0
0
0
0
0
0
0
0
0
0
0
0
0
0
0
0
0
0
0
0
0
0
0
0
0
0
0
0
0
0
0
0
0
0
0
0
0
0
0
0
0
0
0
0
0
0
0
0
0
0
0
0
0
0
0
0
0
0
0
0
0
0
0
0
0
0
0
0
0
0
0
0
0
0
0
0
0
0
0
0
0
0
0
0
0
0
0
0
0
0
0
0
0
0
0
0
0
0
0
0
0
0
0
0
0
0
0
0
0
0
0
0
0
0
0
0
0
0
0
0
0
0
0
0
0
0
0
0
0
0
0
0
0
0
0
0
0
0
0
0
0
0
0
0
0
0
0
0
0
0
0
0
0
0
0
0
0
0
0
0
0
0
0
0
0
0
0
0
0
0
0
0
0
0
0
0
0
0
0
0
0
0
0
0
0
0
0
0
0
0
0
0
0
0
0
0
0
0
0
0
0
0
0
0
0
0
0
0
0
0
0
0
0
0
0
0
0
0
0
0
0
0
0
0
0
0
0
0
0
0
0
0
0
0
0
0
0
0
0
0
0
0
0
0
0
0
0
0
0
0
0
0
0
0
0
0
0
0
0
0
0
0
0
0
0
0
0
0
0
0
0
0
0
0
0
0
0
0
0
0
0
0
0
0
0
0
0
0
0
0
0
0
0
0
0
0
0
0
0
0
0
0
0
0
0
0
0
0
0
0
0
0
0
0
0
0
0
0
0
0
0
0
0
0
0
0
0
0
0
0
0
0
0
0
0
0
0
0
0
0
0
0
0
0
0
0
0
0
0
0
0
0
0
0
0
0
0
0
0
0
0
0
0
0
0
0
0
0
0
0
0
0
0
0
0
0
0
0
0
0
0
0
0
0
0
0
0
0
0
0
0
0
0
0
0
0
0
0
0
0
0
0
0
0
0
0
0
0
0
0
0
0
0
0
0
0
0
0
0
0
0
0
0
0
0
0
0
0
0
0
0
0
0
0
0
0
0
0
0
0
0
0
0
0
0
0
0
0
0
0
0
0
0
0
0
0
0
0
0
0
0
0
0
0
0
0
0
0
0
0
0
0
0
0
0
0
0
0
0
0
0
0
0
0
0
0
0
0
0
0
0
0
0
0
0
0
0
0
0
0
0
0
0
0
0
0
0
0
0
0
0
0
0
0
0
0
0
0
0
0
0
0
0
0
0
0
0
0
0
0
0
0
0
0
0
0
0
0
0
0
0
0
0
0
0
0
0
0
0
0
0
0
0
0
0
0
0
0
0
0
0
0
0
0
0
0
0
0
0
0
0
0
0
0
0
0
0
0
0
0
0
0
0
0
0
0
0
0
0
0
0
0
0
0
0
0
0
0
0
0
0
0
0
0
0
0
0
0
0
0
0
0
0
0
0
0
0
0
0
0
0
0
0
0
0
0
0
0
0
0
0
0
0
0
0
0
0
0
0
0
0
0
0
0
0
0
0
0
0
0
0
0
0
0
0
0
0
0
0
0
0
0
0
0
0
0
0
0
0
0
0
0
0
0
0
0
0
0
0
0
0
0
0
0
0
0
0
0
0
0
0
0
0
0
0
0
0
0
0
0
0
0
0
0
0
0
0
0
0
0
0
0
0
0
0
0
0
0
0
0
0
0
0
0
0
0
0
0
0
0
0
0
0
0
0
0
0
0
0
0
0
0
0
0
0
0
0
0
0
0
0
0
0
0
0
0
0
0
0
0
0
0
0
0
0
0
0
0
0
0
0
0
0
0
0
0
0
0
0
0
0
0
0
0
0
0
0
0
0
0
0
0
0
0
0
0
0
0
0
0
0
0
0
0
0
0
0
0
0
0
0
0
0
0
0
0
0
0
0
0
0
0
0
0
0
0
0
0
0
0
0
0
0
0
0
0
0
0
0
0
0
0
0
0
0
0
0
0
0
0
0
0
0
0
0
0
0
0
0
0
0
0
0
0
0
0
0
0
0
0
0
0
0
0
0
0
0
0
0
0
0
0
0
0
0
0
0
0
0
0
0
0
0
0
0
0
0
0
0
0
0
0
0
0
0
0
0
0
0
0
0
0
0
0
0
0
0
0
0
0
0
0
0
0
0
0
0
0
0
0
0
0
0
0
0
0
0
0
0
0
0
0
0
0
0
0
0
0
0
0
0
0
0
0
0
0
0
0
0
0
0
0
0
0
0
0
0
0
0
0
0
0
0
0
0
0
0
0
0
0
0
0
0
0
0
0
0
0
0
0
0
0
0
0
0
0
0
0
0
0
0
0
0
0
0
0
0
0
0
0
0
0
0
0
0
0
0
0
0
0
0
0
0
0
0
0
0
0
0
0
0
0
0
0
0
0
0
0
0
0
0
0
0
0
0
0
0
0
0
0
0
0
0
0
0
0
0
0
0
0
0
0
0
0
0
0
0
0
0
0
0
0
0
0
0
0
0
0
0
0
0
0
0
0
0
0
0
0
0
0
0
0
0
0
0
0
0
0
0
0
0
0
0
0
0
0
0
0
0
0
0
0
0
0
0
0
0
0
0
0
0
0
0
0
0
0
0
0
0
0
0
0
0
0
0
0
0
0
0
0
0
0
0
0
0
0
0
0
0
0
0
0
0
0
0
0
0
0
0
0
0
0
0
0
0
0
0
0
0
0
0
0
0
0
0
0
0
0
0
0
0
0
0
0
0
0
0
0
0
0
0
0
0
0
0
0
0
0
0
0
0
0
0
0
0
0
0
0
0
0
0
0
0
0
0
0
0
0
0
0
0
0
0
0
0
0
0
0
0
0
0
0
0
0
0
0
0
0
0
0
0
0
0
0
0
0
0
0
0
0
0
0
0
0
0
0
0
0
0
0
0
0
0
0
0
0
0
0
0
0
0
0
0
0
0
0
0
0
0
0
0
0
0
0
0
0
0
0
0
0
0
0
0
0
0
0
0
0
0
0
0
0
0
0
0
0
0
0
0
0
0
0
0
0
0
0
0
0
0
0
0
0
0
0
0
0
0
0
0
0
0
0
0
0
0
0
0
0
0
0
0
0
0
0
0
0
0
0
0
0
0
0
0
0
0
0
0
0
0
0
0
0
0
0
0
0
0
0
0
0
0
0
0
0
0
0
0
0
0
0
0
0
0
0
0
0
0
0
0
0
0
0
0
0
0
0
0
0
0
0
0
0
0
0
0
0
0
0
0
0
0
0
0
0
0
0
0
0
0
0
0
0
0
0
0
0
0
0
0
0
0
0
0
0
0
0
0
0
0
0
0
0
0
0
0
0
0
0
0
0
0
0
0
0
0
0
0
0
0
0
0
0
0
0
0
0
0
0
0
0
0
0
0
0
0
0
0
0
0
0
0
0
0
0
0
0
0
0
0
0
0
0
0
0
0
0
0
0
0
0
0
0
0
0
0
0
0
0
0
0
0
0
0
0
0
0
0
0
0
0
0
0
0
0
0
0
0
0
0
0
0
0
0
0
0
0
0
0
0
0
0
0
0
0
0
0
0
0
0
0
0
0
0
0
0
0
0
0
0
0
0
0
0
0
0
0
0
0
0
0
0
0
0
0
0
0
0
0
0
0
0
0
0
0
0
0
0
0
0
0
0
0
0
0
0
0
0
0
0
0
0
0
0
0
0
0
0
0
0
0
0
0
0
0
0
0
0
0
0
0
0
0
0
0
0
0
0
0
0
0
0
0
0
0
0
0
0
0
0
0
0
0
0
0
0
0
0
0
0
0
0
0
0
0
0
0
0
0
0
0
0
0
0
0
0
0
0
0
0
0
0
0
0
0
0
0
0
0
0
0
0
0
0
0
0
0
0
0
0
0
0
0
0
0
0
0
0
0
0
0
0
0
0
0
0
0
0
0
0
0
0
0
0
0
0
0
0
0
0
0
0
0
0
0
0
0
0
0
0
0
0
0
0
0
0
0
0
0
0
0
0
0
0
0
0
0
0
0
0
0
0
0
0
0
0
0
0
0
0
0
0
0
0
0
0
0
0
0
0
0
0
0
0
0
0
0
0
0
0
0
0
0
0
0
0
0
0
0
0
0
0
0
0
0
0
0
0
0
0
0
0
0
0
0
0
0
0
0
0
0
0
0
0
0
0
0
0
0
0
0
0
0
0
0
0
0
0
0
0
0
0
0
0
0
0
0
0
0
0
0
0
0
0
0
0
0
0
0
0
0
0
0
0
0
0
0
0
0
0
0
0
0
0
0
0
0
0
0
0
0
0
0
0
0
0
0
0
0
0
0
0
0
0
0
0
0
0
0
0
0
0
0
0
0
0
0
0
0
0
0
0
0
0
0
0
0
0
0
0
0
0
0
0
0
0
0
0
0
0
0
0
0
0
0
0
0
0
0
0
0
0
0
0
0
0
0
0
0
0
0
0
0
0
0
0
0
0
0
0
0
0
0
0
0
0
0
0
0
0
0
0
0
0
0
0
0
0
0
0
0
0
0
0
0
0
0
0
0
0
0
0
0
0
0
0
0
0
0
0
0
0
0
0
0
0
0
0
0
0
0
0
0
0
0
0
0
0
0
0
0
0
0
0
0
0
0
0
0
0
0
0
0
0
0
0
0
0
0
0
0
0
0
0
0
0
0
0
0
0
0
0
0
0
0
0
0
0
0
0
0
0
0
0
0
0
0
0
0
0
0
0
0
0
0
0
0
0
0
0
0
0
0
0
0
0
0
0
0
0
0
0
0
0
0
0
0
0
0
0
0
0
0
0
0
0
0
0
0
0
0
0
0
0
0
0
0
0
0
0
0
0
0
0
0
0
0
0
0
0
0
0
0
0
0
0
0
0
0
0
0
0
0
0
0
0
0
0
0
0
0
0
0
0
0
0
0
0
0
0
0
0
0
0
0
0
0
0
0
0
0
0
0
0
0
0
0
0
0
0
0
0
0
0
0
0
0
0
0
0
0
0
0
0
0
0
0
0
0
0
0
0
0
0
0
0
0
0
0
0
0
0
0
0
0
0
0
0
0
0
0
