1063667
975351
805062
639704
426111
189873
160398
197353
291604
438148
614648
736205
805274
809225
800932
762481
700245
748473
837567
807114
730606
690212
646483
536531
392205
236256
151350
102508
101935
149455
365689
650991
811706
822804
730147
708209
744689
723762
773758
773892
683456
812582
1006948
1029771
940463
892988
809267
613788
429300
262282
164027
108601
100455
146426
386271
727207
908750
899990
801068
775471
815989
792652
837915
812303
671827
808159
1054189
1125456
1074721
1054998
986327
784364
517218
302469
182001
117555
104350
141544
388170
745298
924672
909228
809212
781722
824137
791305
822959
787686
640111
771672
1021155
1119731
1070546
1063694
1015080
853188
597577
357863
224907
141290
120769
149321
384859
730630
908565
904058
804093
773610
811651
786980
817931
772448
622456
752548
1003290
1109898
1093449
1089038
1062906
975988
786789
521164
341997
222171
169782
163552
372341
688544
871154
876514
801075
781882
800693
762152
811133
761526
620705
750392
996871
1116475
1080415
1055337
1081302
1086975
1030505
896476
741153
547012
364963
171349
174787
249790
383017
551413
676130
770257
834885
852685
832137
821843
718099
795128
972514
1047952
986597
977908
1044687
1103853
