0
0
0
0
90
82
124
125
134
160
159
181
214
232
225
286
254
280
305
339
283
320
326
430
423
415
467
456
502
563
519
538
480
815
656
655
760
812
811
889
837
948
1058
1064
1090
1173
1254
1180
1356
1422
1835
1579
1592
1643
1710
1683
1868
1850
1966
2156
544069
2236
2221
2429
2450
2343
2708
2753
2889
3035
2903
3208
3322
3421
3517
3611
3734
3804
3934
4074
4109
4301
4317
4668
4688
4789
5028
5164
5163
5265
5547
5852
5994
5985
6141
6322
6523
6361
6768
7002
6979
7338
7591
7740
7764
7882
8036
8323
8665
8604
9148
8985
9250
9536
9516
9639
10041
10243
10214
10491
1802125
10796
11294
11213
11204
11613
11786
12090
12210
12567
12284
12835
13124
13429
13229
13785
13944
14069
14326
14490
14485
14758
15133
15520
15564
15802
15956
15971
16319
16806
16611
16693
17244
17586
17724
17855
18270
18234
18695
18667
18904
18685
19610
19747
19658
19951
20380
20526
20636
20864
20999
20745
21315
21850
21618
22039
22427
22467
22760
22952
3302135
22726
23078
23898
24204
24038
24488
24388
24976
24909
25065
24556
25685
25975
26121
26095
26197
26234
26677
26790
26892
26149
27296
27223
27734
27626
27804
28356
28509
28244
28305
28092
29100
29319
29308
29325
29590
29693
30057
30107
29949
29809
30481
30815
30685
30744
31182
31217
31598
31141
31745
30777
31434
32427
31906
32108
32424
32286
32683
32833
4428982
31978
33130
33264
33272
33433
33479
33590
33689
34050
34141
33084
34104
34487
34484
34601
35132
34464
35168
34867
35035
34443
34844
35238
35906
35509
35864
35568
36044
36207
36239
34868
35795
36702
36468
36795
36577
36811
36802
37085
37185
36030
37034
37443
37260
37200
37412
37309
37853
38321
38097
36626
37600
38146
38288
37869
38357
37792
38564
38541
5072583
37622
38327
38479
38734
38558
38563
38536
38882
38843
38771
38038
38597
39169
39332
39024
39236
39190
39097
39300
39319
38294
39437
39431
39643
39681
39449
39938
39923
39477
39431
39022
39599
39909
39864
40076
40165
40141
40068
40022
39749
39468
39763
40038
40138
40484
40164
40016
40430
40231
40450
39804
40349
40716
40633
40766
40396
40591
40546
40608
5338285
40071
39890
40359
40755
40486
40867
40876
40727
40619
40946
39987
40630
40807
40551
40919
40819
40610
40650
41130
41091
40420
40647
40928
41070
40927
41063
41004
40896
41109
40745
40555
40390
40626
41337
40981
41157
40991
40506
40935
40970
40286
40473
40585
41037
41070
41002
40651
40787
40975
40791
40683
40499
40990
40932
40817
40785
40984
41249
40901
5356001
40392
40481
40295
40455
40357
40748
40307
40599
40530
40679
40006
39953
40425
40697
40764
40671
40522
40248
40415
40567
40466
39810
40148
40689
40479
40635
40183
39916
40498
40286
40233
39646
40192
40273
40398
40425
39879
40389
40266
40506
39695
39772
39858
40135
39903
39878
39849
39832
39762
40049
39650
39028
39564
39878
39820
39742
39361
39604
39665
5215361
39547
38920
39162
39809
39080
39431
39443
39148
39275
39039
39117
38171
39137
38980
39117
38898
38930
39361
38584
39061
38844
38286
38394
38547
38697
38548
38567
38475
38676
38550
38227
38198
38007
38157
38343
37869
38065
38312
38439
38294
37638
37229
37785
38082
38006
37844
37852
37727
37899
38231
37275
37103
37801
37355
37792
37771
37625
37676
37515
4958866
36845
36288
36378
36858
36797
37117
36875
37130
37371
37005
37020
36134
36493
36827
37049
36590
36843
36876
36630
36670
36646
35697
35736
36261
36321
36356
36079
36227
36275
36252
36309
35654
35493
35666
35844
36154
35821
35514
35721
35459
35473
35065
35056
35320
35648
35362
35600
35027
34893
35036
35246
34307
34443
35158
34959
35164
34625
34923
34818
4623802
34668
34003
33765
34379
34500
34298
34314
34406
33957
34180
34170
33534
33604
33679
33921
33878
33707
33620
33800
33817
33588
33352
33018
33627
33297
33803
33172
33108
32881
32934
33470
32490
32518
33061
33032
32753
33094
32559
32704
32718
32551
32092
32021
32409
32424
32252
32210
32162
32246
32202
31903
31501
31581
31774
31743
32245
31598
31732
31614
4257531
31630
31150
30955
31312
31708
31506
31244
31304
31307
31255
31167
31030
30607
30618
31035
30588
30832
30700
30396
30512
30377
30159
29898
30291
30459
30450
30183
30130
30062
30041
29950
29776
29461
30186
29787
29722
29730
29542
29464
29415
29785
29120
29174
29264
29033
29183
29370
29072
29177
28935
28918
28588
28884
28740
28975
28569
28830
28557
28490
3882591
28861
28326
28203
28479
28298
28223
28578
28288
28307
28001
27819
27689
27835
27617
27891
27930
27741
27601
27684
27718
27858
27365
27369
27212
27521
27379
27229
27209
27534
27266
27271
26997
26809
26569
27130
26978
26878
26987
26730
26960
26747
26478
26000
26359
26437
26458
26456
26352
25967
26294
25738
26190
25736
25593
25869
25976
26026
25759
25969
3514246
25886
25537
25402
25158
25299
25806
25499
25330
25190
24866
25401
25266
24911
24711
25192
25061
24893
24469
24759
24705
24667
24512
24459
24503
24845
24567
24586
24359
24445
24412
24157
24131
24277
23930
24060
24100
23915
24138
24026
24178
23822
23689
23638
23593
23885
23580
23637
23621
23524
23554
23454
23143
23114
23293
23147
23346
23075
23305
23143
3171172
22970
22711
22705
22406
22550
22823
22662
22632
22749
22926
22548
22482
22338
22374
22217
22070
22295
22120
22301
22111
22244
22240
21841
21768
21861
21870
21799
21638
21571
21720
21874
21859
21485
21275
21393
21261
21587
21431
21212
21281
21387
21394
20725
21110
21196
20832
21171
20732
20828
20884
21099
20868
20639
20413
20750
20831
20844
20429
20574
2846087
20845
20540
19933
20441
20172
20576
20453
20169
20084
20111
20056
19813
19837
19709
19942
20027
19751
19799
19926
19782
19613
19598
19319
19562
19722
19514
19794
19509
19117
19381
19317
19438
18806
19117
19165
19227
19274
19238
18948
18827
19108
18934
18695
18357
18650
18658
18606
18725
18577
18506
18633
18647
18492
18491
18359
18582
18316
18242
18269
2547126
18251
18004
17843
17855
18103
18148
17958
18162
18148
17884
17818
17664
17354
17498
17724
17493
17559
17590
17580
17244
17477
17451
17219
17368
17319
17325
17373
17332
17384
17353
16891
16889
16879
16964
16772
17014
17227
16930
16839
16814
16456
16757
16605
16527
16354
16627
16722
16498
16438
16666
16454
16260
16207
16229
16317
16272
16290
16176
16336
2272427
16128
16222
16102
15877
15892
15898
16066
15787
15899
16002
15826
15661
15372
15437
15550
15577
15676
15557
15547
15690
15415
15566
15414
15227
15346
15332
15482
15383
15234
15491
15069
15276
15026
14897
14808
14984
14964
15112
14768
14836
14827
14900
14722
14747
14870
14601
14716
14728
14672
14735
14638
14540
14495
14477
14287
14451
14441
14357
14292
2020892
14374
14396
14062
14198
13981
13907
13958
14107
14004
14014
13827
14069
13877
13746
13808
13605
13830
13863
13782
13881
13825
13770
13464
13554
13655
13654
13553
13378
13475
13432
13443
13281
13301
13078
13207
13046
13067
13263
13197
13301
13022
13046
12966
12844
12882
12788
12955
12815
12835
12935
12866
12954
12853
12596
12563
12628
12683
12695
12592
1794440
12494
12574
12519
12375
12479
12369
12653
12445
12244
12229
12387
12277
12082
12202
12188
12214
12030
12132
12046
12175
12009
12006
12021
11840
11952
11732
11818
12105
11997
11811
11709
11944
11630
11670
11558
11583
11583
11796
11763
11473
11689
11540
11334
11449
11297
11464
11514
11341
11394
11581
11291
11157
11235
11250
11145
11180
11132
11168
11160
1590787
11097
10941
10926
11018
10581
10955
10786
10921
10981
10835
11045
10670
10683
10447
10570
10436
10597
10717
10612
10577
10581
10519
10598
10477
10467
10247
10555
10484
10625
10406
10451
10352
10353
10268
10242
10336
10375
10294
10244
10102
10256
10193
9950
10060
10059
9942
10015
10059
9879
9802
10072
9839
9810
9843
9909
9778
9864
9773
9694
1409187
9829
9760
9771
9627
9559
9615
9804
9685
9531
9538
9312
9495
9652
9262
9478
9379
9435
9303
9355
9263
9354
9323
9387
9203
9162
9292
9181
9334
9126
9242
9000
9094
9164
9066
8846
9025
8971
8985
8977
8857
8907
8934
8866
8893
8754
8944
8837
8806
8689
8912
8622
8666
8632
8539
8684
8472
8608
8537
8714
1247357
8659
8408
8514
8422
8625
8453
8367
8280
8490
8331
8188
8364
8493
8282
8327
8299
8348
8270
8342
8179
8067
8191
8137
7980
7985
8211
7814
8039
8022
8043
8103
8134
7948
8006
7942
7835
7962
7824
7887
7843
7742
7794
7796
7715
7646
7753
7750
7720
7754
7608
7624
7651
7563
7777
7652
7459
7573
7589
7458
1103025
7590
7645
7444
7510
7506
7455
7441
7459
7421
7230
7247
7130
7300
7115
7299
7208
7319
7311
7219
7192
7069
7261
7117
7150
7137
7084
7091
7100
6956
7052
7132
6878
7141
6996
6985
6938
6900
6851
6986
7027
6793
6897
6799
6702
6782
6709
6897
6660
6820
6711
6563
6870
6624
6632
6907
6666
6623
6527
6620
973560
6594
6519
6486
6537
6576
6581
6472
6527
6522
6448
6472
6515
6420
6290
6366
6526
6389
6348
6342
6202
6318
6268
6149
6273
6160
6327
6186
6184
6123
6218
6134
6181
6228
6233
6013
6047
6081
5891
6145
6022
6124
5984
5864
5972
5791
5946
5815
5861
5882
5810
5830
5957
5748
5757
5869
5732
5858
5624
5847
860342
5802
5851
5719
5647
5665
5784
5846
5740
5629
5564
5783
5689
5666
5520
5580
5514
5578
5549
5534
5505
5502
5536
5316
5472
5571
5505
5506
5420
5499
5362
5357
5548
5404
5450
5310
5317
5210
5465
5251
5221
5214
5234
5359
5096
5294
5276
5310
5146
5213
5157
5127
5228
5106
5171
5087
5037
4957
5108
4991
760645
5055
4922
4869
4913
4923
4996
4837
4922
4966
4949
4886
5043
4865
4885
4821
4872
4862
4844
4841
4986
4939
4846
4742
4854
4664
4775
4701
4765
4695
4690
4673
4652
4543
4623
4664
4689
4729
4588
4666
4595
4706
4685
4676
4648
4561
4467
4670
4448
4536
4487
4493
4510
4601
4522
4399
4457
4485
4330
4400
671759
4490
4515
4395
4292
4396
4358
4372
4430
4321
4241
4256
4271
4213
4207
4294
4240
4226
4350
4223
4197
4199
4255
4187
4264
4127
4162
4115
4186
4129
4272
4214
4117
4254
4081
4105
4100
3996
4026
4106
4047
4028
4034
4080
4064
3922
3927
3999
3935
3973
3978
3962
3929
4069
3972
3953
3935
3979
3849
3905
593426
3852
3854
3884
3931
3851
3793
3791
3693
3786
3763
3714
3801
3853
3673
3668
3661
3746
3708
3695
3677
3639
3619
3767
3774
3695
3656
3706
3654
3643
3678
3734
3673
3697
3501
3504
3666
3535
3579
3511
3609
3615
3544
3574
3602
3468
3472
3522
3404
3474
3389
3492
3429
3449
3372
3488
3530
3383
3416
3373
523595
3316
3292
3424
3382
3406
3294
3357
3270
3325
3271
3326
3212
3326
3342
3184
3256
3254
3237
3206
3273
3259
3282
3191
3316
3314
3205
3211
3118
3199
3200
3123
3215
3168
3091
3076
3184
3185
3269
3029
3143
3090
3178
3105
3141
3053
2957
3081
3007
2979
3086
2960
2977
3037
2944
2992
2937
3111
2911
2936
465331
3002
3054
3039
2942
2868
2865
2950
2797
2939
2850
2942
2901
3011
2823
2937
2818
2896
2797
2857
2841
2838
2851
2828
2863
2737
2789
2797
2856
2826
2808
2860
2787
2788
2761
2784
2796
2764
2694
2640
2647
2828
2696
2784
2652
2810
2710
2764
2645
2655
2713
2656
2749
2745
2665
2595
2711
2637
2576
2677
411127
2674
2717
2656
2525
2693
2573
2497
2548
2592
2568
2580
2594
2494
2638
2547
2633
2571
2535
2561
2466
2542
2605
2461
2572
2522
2525
2476
2432
2553
2455
2427
2527
2440
2435
2441
2390
2343
2465
2466
2442
2523
2389
2444
2320
2384
2400
2399
2458
2314
2314
2351
2411
2305
2324
2323
2367
2317
2304
2336
364075
2353
2258
2292
2252
2343
2414
2259
2292
2303
2337
2233
2252
2202
2293
2289
2268
2282
2232
2202
2278
2155
2188
2161
2206
2220
2138
2171
2091
2219
2181
2184
2116
2072
2166
2154
2117
2237
2104
2193
2157
2065
2123
2149
2083
2136
2073
2050
2067
2007
2184
2082
2010
2081
2066
2084
2058
2010
2072
2039
324090
2018
1997
1945
1920
2045
1987
1982
1980
1999
2038
2011
1904
2033
1971
2007
1985
1970
1982
1940
1939
1911
1963
1919
1958
1973
1949
1922
1928
1924
1915
2004
1890
1858
1886
1854
1999
1979
1844
1877
1884
1921
1831
1868
1853
1797
1856
1782
1831
1737
1817
1905
1746
1833
1745
1858
1845
1788
1856
1855
287835
1745
1701
1737
1779
1810
1717
1745
1746
1815
1801
1766
1764
1801
1764
1741
1746
1798
1766
1701
1742
1714
1698
1731
1758
1649
1700
1774
1651
1609
1642
1666
1634
1656
1718
1672
1677
1678
1722
1607
1630
1593
1613
1687
1572
1719
1642
1574
1641
1620
1637
1677
1590
1574
1571
1563
1531
1541
1551
1586
256917
1582
1612
1591
1543
1543
1601
1529
1572
1477
1562
1594
1564
1517
1520
1536
1513
1574
1469
1513
1508
1464
1562
1554
1505
1514
1478
1464
1454
1432
1423
1411
1440
1492
1496
1531
1467
1493
1449
1422
1483
1505
1452
1403
1444
1362
1469
1409
1416
1458
1425
1447
1399
1405
1463
1353
1391
1400
1424
1393
229045
1434
1428
1434
1379
1366
1410
1360
1388
1397
1363
1374
1410
1388
1408
1383
1360
1366
1377
1311
1319
1334
1314
1316
1362
1349
1414
1377
1321
1338
1232
1249
1320
1292
1410
1308
1314
1346
1320
1275
1358
1242
1244
1290
1323
1281
1244
1230
1283
1334
1254
1275
1256
1285
1234
1202
1268
1268
1307
1225
204733
1280
1204
1242
1250
1274
1240
1198
1229
1254
1258
1255
1173
1164
1269
1152
1175
1202
1137
1196
1227
1168
1255
1206
1182
1139
1166
1092
1228
1196
1146
1150
1173
1173
1126
1159
1159
1133
1161
1122
1191
1170
1088
1144
1150
1122
1156
1176
1136
1130
1141
1054
1066
1139
1118
1059
1121
1168
1096
1123
183582
1147
1143
1092
1102
1136
1043
1078
1081
1059
1096
1014
1080
1104
1179
1033
1048
1104
1045
1124
1053
1058
1079
1060
1095
1055
1067
1082
1087
1095
1083
1066
990
993
1044
1084
1005
1041
1036
1102
1041
1062
1000
1012
1054
990
1039
1053
1048
1005
1003
1008
1001
996
1055
998
1019
984
976
996
165302
991
928
983
987
997
940
953
995
929
960
984
910
1008
952
981
963
971
945
1013
994
928
964
895
943
947
983
937
937
951
976
892
916
895
865
915
930
929
902
974
914
890
887
898
917
922
886
905
911
895
881
928
878
877
951
872
863
933
891
887
149307
890
863
893
937
862
895
860
862
860
864
848
850
818
920
887
879
859
827
845
802
865
864
886
866
807
923
870
844
866
805
874
883
838
784
855
836
807
833
804
780
821
802
810
799
791
818
850
828
829
843
793
862
780
745
811
814
773
770
802
135447
752
806
774
824
770
763
764
823
796
831
801
847
743
797
804
769
789
800
787
763
772
759
761
744
790
825
722
737
745
820
739
807
774
770
750
773
756
725
781
723
797
735
756
775
724
785
724
768
737
747
720
753
721
728
684
701
721
672
728
122973
711
731
734
754
744
675
706
692
688
718
682
728
685
704
705
716
689
712
649
706
671
665
709
663
690
727
686
695
680
683
686
662
697
671
675
681
653
664
724
732
671
624
668
696
679
658
641
628
675
714
624
620
686
692
617
617
631
633
621
111780
650
656
619
613
608
680
649
675
671
653
642
641
621
602
645
628
595
610
691
661
670
656
676
642
626
596
665
602
647
652
597
611
606
595
601
586
586
637
579
611
622
612
601
561
567
617
659
633
666
642
649
619
583
570
535
565
601
581
605
101344
558
549
593
584
591
555
555
617
611
616
581
551
605
579
554
590
593
588
586
540
592
580
568
570
541
535
611
534
571
584
542
510
571
572
599
500
565
561
541
557
529
522
559
531
536
510
493
527
598
541
521
562
492
539
555
524
557
554
550
92972
524
554
516
490
588
492
533
529
564
515
539
515
548
508
485
522
548
511
493
518
517
508
521
505
485
527
485
522
504
519
490
525
506
463
491
524
516
496
522
525
487
457
545
463
447
490
460
457
508
482
499
487
503
481
488
476
508
488
510
84511
444
491
515
465
493
493
492
540
489
475
466
478
497
517
477
480
452
441
449
495
478
483
499
502
478
454
477
462
474
461
455
465
447
511
453
434
448
434
423
471
459
450
432
442
460
461
474
442
443
438
417
427
431
420
454
402
403
460
427
78199
460
441
442
424
467
417
418
403
443
399
413
456
417
434
418
394
453
404
453
450
430
425
456
432
430
450
442
429
418
388
410
428
403
441
416
376
390
426
396
383
422
438
401
400
443
377
366
408
366
414
417
390
391
393
421
406
413
412
400
71305
393
423
365
389
421
419
431
403
406
399
374
422
372
409
374
406
404
385
378
364
398
373
372
410
385
388
406
396
421
381
383
395
408
344
386
403
401
376
380
382
373
351
407
358
403
386
392
360
385
384
359
387
383
382
366
365
340
343
355
65511
376
398
369
339
350
379
379
334
379
344
410
351
339
353
374
367
357
342
343
367
344
350
331
341
389
360
396
357
341
351
349
333
354
349
327
322
330
339
319
349
352
301
324
339
334
369
322
342
349
365
331
324
339
344
342
362
306
328
331
59739
344
346
321
343
323
339
330
345
335
350
331
333
325
341
321
307
342
311
319
356
332
343
328
345
318
310
330
341
313
314
313
295
313
337
318
324
290
281
337
296
319
301
280
312
318
319
338
304
316
326
318
332
336
310
310
282
301
292
308
54811
306
279
275
316
292
321
278
290
290
320
236
304
317
316
306
289
311
305
257
298
297
287
317
294
273
272
305
283
302
281
295
308
275
294
253
284
297
283
290
273
271
289
279
310
288
287
298
310
325
282
310
316
280
282
286
285
281
243
275
49987
272
261
269
295
282
267
295
298
273
234
266
248
296
260
255
240
262
250
279
256
273
271
254
255
276
268
271
288
248
265
277
263
278
238
264
264
257
278
262
300
269
251
267
258
269
253
268
257
279
278
272
249
254
242
245
236
244
293
275
46034
267
253
241
292
268
254
256
234
235
271
262
233
268
262
248
263
247
254
260
264
241
246
251
234
219
247
254
213
228
236
218
259
257
234
253
244
227
234
212
251
253
237
243
218
264
250
258
240
232
242
207
231
226
228
234
250
248
223
230
42304
235
252
265
247
221
220
221
243
213
239
239
235
228
209
271
231
244
223
226
249
218
211
224
216
195
217
226
232
221
216
232
237
222
233
237
218
210
205
209
227
223
238
242
212
214
198
228
195
203
204
198
220
199
217
237
226
199
225
209
38772
191
221
203
220
204
212
180
230
228
208
210
208
206
237
218
194
183
201
210
239
215
206
210
190
214
216
226
204
207
195
208
183
220
197
191
203
213
200
197
194
236
183
193
200
182
188
216
203
208
218
204
189
201
181
188
194
199
184
203
35500
166
204
209
204
203
190
189
177
172
197
181
188
192
206
178
176
197
182
209
179
205
170
215
177
175
191
209
215
193
185
191
180
194
196
185
176
185
178
182
183
193
160
188
182
172
187
167
182
183
146
181
176
186
185
173
186
159
174
170
32119
195
189
202
183
190
164
171
192
168
183
208
178
169
175
161
177
183
183
171
149
181
191
200
176
180
170
174
185
186
178
173
174
182
177
187
156
159
158
171
149
162
165
184
151
149
127
202
191
148
187
156
180
164
186
168
167
154
169
166
29546
173
163
151
163
176
172
166
139
149
181
152
161
164
184
164
153
154
175
157
158
167
178
162
177
172
151
132
184
161
153
120
133
176
144
141
134
149
159
157
156
169
133
170
179
138
166
128
158
168
143
150
131
152
148
140
119
128
157
157
27180
169
157
134
133
148
149
148
152
159
148
139
143
142
153
128
144
141
148
159
126
156
169
151
152
154
132
138
134
140
137
160
140
156
160
139
119
140
159
129
157
143
147
146
138
150
160
143
139
135
132
138
141
143
132
144
137
133
131
124
24776
136
140
112
137
126
139
142
141
140
121
132
151
114
127
147
139
142
142
126
125
139
136
129
149
152
131
142
121
134
140
127
117
152
118
127
125
125
125
133
136
132
125
119
141
128
142
96
123
106
121
126
112
135
114
112
120
123
138
118
22418
126
105
113
138
117
120
136
133
116
130
120
115
125
120
116
117
137
122
122
132
126
111
125
129
119
122
129
147
109
99
111
107
88
96
110
126
125
106
129
115
115
105
112
116
111
100
111
107
112
127
113
121
118
119
124
121
130
107
120
20676
103
131
136
124
115
117
94
123
116
111
123
138
96
120
128
106
116
109
121
108
132
101
113
117
109
99
123
128
109
111
94
88
106
112
103
113
120
115
108
103
98
100
129
126
126
99
99
95
107
108
103
103
119
100
102
112
110
95
104
18716
116
114
117
108
109
96
97
106
92
91
86
113
89
81
90
75
111
103
87
103
103
108
107
112
90
92
110
85
93
106
115
87
85
101
103
96
100
101
104
88
90
92
79
99
93
86
119
92
94
113
100
104
87
109
96
101
96
109
104
17185
99
104
91
98
98
108
88
109
90
93
97
103
106
93
97
106
88
96
96
94
87
103
94
85
88
86
78
81
80
87
73
90
102
85
104
84
83
86
95
97
90
100
90
84
80
107
69
99
94
80
82
65
76
88
82
90
94
102
84
15764
74
69
86
84
82
78
105
93
77
83
82
84
95
74
86
85
88
73
91
78
69
81
75
87
85
82
83
90
81
94
83
90
81
83
90
75
78
63
79
76
85
83
87
86
76
79
96
74
86
83
80
66
81
86
85
75
92
86
97
14338
76
66
70
76
78
67
71
82
78
83
82
72
101
83
83
83
79
80
71
69
77
73
86
92
71
72
69
65
84
76
72
64
74
65
79
67
71
69
65
73
79
88
72
74
74
77
80
78
72
66
67
79
84
79
78
64
85
72
81
13220
72
68
74
79
70
81
64
55
79
68
57
81
71
77
70
79
71
67
63
67
78
62
74
72
75
83
66
66
71
76
76
70
70
67
62
83
76
60
71
66
71
60
70
75
79
73
70
82
74
78
77
47
63
75
69
62
70
58
69
11968
56
66
75
71
95
69
49
80
67
68
70
60
72
63
60
60
50
59
67
57
74
80
68
60
61
60
58
57
78
66
55
71
72
65
67
71
65
62
60
64
58
66
66
64
58
58
59
51
57
70
52
53
49
63
67
65
78
59
50
10866
60
61
58
53
62
62
67
61
65
49
70
56
54
55
54
64
53
56
50
59
52
60
68
54
58
65
56
61
51
64
58
59
52
63
58
59
43
76
67
64
60
64
60
63
68
48
60
61
55
45
66
75
45
47
42
75
66
58
59
9885
58
56
53
44
57
62
56
64
57
56
46
52
52
38
43
57
54
50
48
66
55
56
58
58
55
45
65
47
54
56
57
52
54
54
55
47
63
58
61
48
60
68
53
51
58
49
59
50
69
54
54
50
58
48
55
48
42
53
65
9023
53
59
56
54
68
52
64
42
44
50
49
66
53
52
54
53
65
57
51
61
50
47
53
49
47
49
45
45
39
43
52
39
62
44
54
52
47
63
45
38
64
51
42
43
43
43
50
40
48
38
49
56
50
49
45
56
51
47
42
8277
53
46
48
36
44
49
44
39
43
47
30
47
56
38
57
57
52
45
43
38
34
49
64
58
51
48
46
37
56
41
52
48
51
35
36
40
44
47
47
47
49
40
42
40
47
45
45
48
38
48
44
38
46
40
30
38
46
39
38
7668
38
52
59
40
30
37
47
58
46
39
53
50
55
29
35
35
40
41
55
42
39
44
47
38
45
39
29
43
29
33
39
41
46
44
41
40
31
33
44
54
42
32
36
52
36
37
48
38
32
36
45
40
39
37
53
43
30
41
29
6936
43
33
39
36
46
40
40
46
51
31
45
45
34
45
42
49
42
31
46
27
43
40
37
38
30
33
38
39
26
48
33
44
48
33
42
32
46
32
32
30
36
30
45
46
36
37
39
39
38
28
35
36
39
37
39
35
30
40
26
6416
27
33
39
39
28
33
41
38
41
40
37
25
31
27
43
35
31
28
51
39
23
37
40
21
33
31
40
27
38
31
35
39
31
43
40
37
37
35
26
33
38
38
35
37
43
34
33
27
20
30
42
35
34
38
33
28
33
26
34
5691
31
38
32
42
36
32
44
24
31
44
33
26
31
29
48
38
37
30
47
31
28
31
29
41
21
31
40
28
32
35
39
38
36
38
23
40
36
33
34
24
37
28
32
29
22
20
45
33
32
37
30
23
28
24
31
36
32
33
25
5155
41
37
31
35
31
26
33
24
34
30
29
26
26
23
32
35
39
31
30
29
21
39
33
33
33
30
19
30
36
36
29
31
23
41
28
37
31
32
29
21
27
22
46
27
30
29
29
33
26
21
24
19
33
26
21
19
26
26
33
4748
23
23
25
24
38
21
25
30
35
23
23
22
33
25
29
25
25
33
32
30
32
30
32
25
23
35
31
35
29
28
24
36
19
28
23
30
25
27
23
31
26
20
38
26
32
21
32
24
26
27
15
21
35
28
23
26
22
26
30
4347
21
28
24
32
27
23
30
21
33
27
24
34
20
21
34
29
32
26
33
18
22
22
21
28
31
17
17
32
30
27
22
21
21
23
31
29
25
30
30
25
25
23
27
24
28
20
37
28
27
19
24
23
23
31
36
19
15
25
23
3892
21
27
28
21
17
22
26
23
22
24
11
20
31
15
11
30
21
27
25
21
23
22
15
23
20
13
23
22
21
26
28
19
22
20
22
22
23
15
22
23
26
27
19
19
23
17
29
24
23
26
24
17
26
26
16
18
21
27
27
3575
24
26
19
25
19
24
12
25
27
21
24
26
20
23
21
23
17
21
24
23
19
26
26
17
21
25
13
25
20
22
25
19
15
25
20
26
20
18
23
24
23
28
16
15
21
13
35
18
29
24
22
23
17
28
22
18
27
18
15
3153
19
17
19
29
25
21
21
19
23
19
18
22
26
15
21
21
25
9
21
23
30
22
23
24
22
18
15
25
21
14
15
28
19
16
23
16
14
21
18
27
16
21
23
19
25
22
20
21
13
24
21
28
9
14
21
26
13
19
20
2887
23
19
15
22
24
21
19
18
17
26
22
17
25
21
14
12
19
17
23
16
7
24
12
17
25
20
10
29
20
19
20
14
21
22
15
20
13
26
26
18
13
14
16
24
14
17
18
19
22
13
19
12
12
16
12
14
12
14
17
2577
20
19
11
19
11
19
15
11
22
16
18
14
15
20
21
18
22
16
9
18
16
18
10
17
18
16
22
16
13
16
13
13
17
16
15
13
19
14
17
16
17
19
16
14
16
24
17
16
22
15
14
21
17
22
18
17
11
15
24
2458
20
19
16
18
18
21
17
13
14
13
16
19
15
14
18
20
21
12
17
19
13
18
12
15
12
22
16
15
12
18
10
21
14
7
17
7
16
15
22
13
18
15
17
14
12
21
20
20
10
14
14
13
12
16
14
15
16
15
13
2181
18
14
14
19
11
15
11
11
13
18
15
10
6
14
13
16
12
14
13
10
12
15
11
13
17
10
7
13
10
10
14
18
14
13
24
11
20
16
13
12
19
15
13
23
21
13
8
14
16
7
17
13
11
16
10
12
10
16
18
2000
14
11
22
19
11
19
16
16
11
16
15
13
15
16
14
13
13
17
14
17
13
13
12
13
10
7
10
13
17
15
20
7
9
12
8
8
17
12
17
14
15
19
7
14
24
21
10
17
16
13
9
13
15
10
11
11
11
10
13
1857
16
14
16
14
15
17
12
12
9
6
14
18
11
15
13
11
9
18
14
10
11
17
8
12
13
8
16
10
9
11
9
14
16
19
10
12
11
14
13
14
11
9
11
6
9
12
16
15
17
15
12
11
16
17
9
16
8
14
10
1636
16
10
11
10
10
14
9
12
15
9
9
12
14
9
12
12
10
10
11
8
12
11
10
8
9
4
12
14
10
9
10
10
10
12
15
16
8
15
6
11
15
15
6
7
11
11
9
14
7
4
11
9
9
7
11
12
7
7
8
1549
13
10
5
16
14
9
17
6
10
12
15
10
15
11
11
14
9
19
5
17
12
12
7
8
12
19
6
8
8
11
12
8
10
10
13
12
11
5
14
9
11
10
13
14
11
9
13
8
6
8
13
10
8
3
13
13
11
12
10
1356
10
4
12
8
10
16
6
12
5
8
14
4
15
12
8
16
7
12
9
9
12
9
7
11
9
9
13
7
8
8
12
10
6
6
8
7
9
4
6
8
5
9
10
9
10
7
15
6
10
6
10
8
7
6
13
7
10
9
9
1252
9
7
9
7
7
10
13
10
2
8
11
13
11
4
6
14
11
7
9
8
9
11
9
8
9
8
6
7
6
14
9
8
3
6
5
9
5
7
8
8
9
7
8
7
10
12
8
3
10
10
10
3
12
12
14
7
9
7
9
1164
6
2
7
5
8
7
10
10
6
14
9
8
6
11
8
5
9
11
13
12
9
7
11
8
12
5
9
9
10
12
12
10
9
5
4
7
8
9
8
13
13
6
10
12
8
10
8
7
7
3
7
11
7
11
10
9
7
15
6
1000
12
12
4
11
15
9
10
10
5
6
9
10
11
8
7
12
10
5
8
4
6
9
10
9
6
15
5
13
6
7
5
9
5
10
5
9
11
10
5
6
7
6
3
5
9
7
8
13
8
14
7
9
5
6
10
9
8
9
13
961
11
5
9
7
8
5
3
10
10
4
8
4
7
7
7
9
3
10
4
11
10
6
8
3
5
5
7
8
9
14
5
8
10
7
9
8
3
11
4
9
7
13
5
13
6
9
4
13
4
11
7
3
7
2
8
8
7
8
9
868
9
3
7
7
8
7
10
5
7
4
9
9
6
14
9
8
9
3
11
5
11
3
5
11
5
5
13
7
5
6
9
14
6
9
10
8
5
6
6
10
11
6
3
8
12
7
11
6
9
8
12
4
4
5
5
4
7
10
8
827
7
6
4
3
6
7
9
8
10
6
13
12
6
4
9
5
10
10
6
5
7
9
10
11
12
7
4
9
5
6
12
6
4
8
7
4
6
7
4
8
9
5
7
8
4
3
10
7
6
8
8
8
7
6
5
5
7
5
8
699
12
12
6
4
8
5
9
14
5
5
13
8
11
10
8
5
6
5
4
8
6
9
5
5
7
3
7
11
4
5
11
5
7
9
4
4
10
5
3
11
10
14
5
5
5
3
3
7
6
3
6
8
6
8
4
4
5
3
7
664
7
3
8
4
6
6
7
5
5
8
8
9
3
4
9
10
7
8
9
10
7
8
4
8
13
8
10
8
0
3
6
8
5
6
9
5
9
5
6
5
2
9
7
7
10
7
9
6
7
8
3
6
9
5
6
5
2
3
3
619
2
6
9
3
8
6
5
5
2
5
8
9
9
8
4
6
8
6
9
8
8
6
7
6
4
6
8
5
5
7
6
4
6
8
10
5
7
5
5
4
3
6
2
2
4
4
6
3
6
3
2
5
2
7
5
5
10
10
2
611
7
4
7
5
10
8
8
5
6
4
6
2
6
6
7
4
3
8
8
7
4
5
6
10
3
3
2
5
4
0
4
4
7
3
4
2
5
4
3
1
6
6
8
5
4
6
6
2
6
10
7
0
4
6
8
8
4
4
6
518
4
5
3
8
7
5
6
8
5
2
4
5
3
2
7
4
5
9
7
5
5
3
1
7
4
8
8
4
7
3
3
1
9
6
6
3
5
6
9
2
3
7
2
8
3
2
7
4
1
5
6
5
4
10
4
3
4
4
3
484
3
6
5
4
3
2
7
2
1
5
3
4
2
2
4
4
3
3
7
7
4
11
2
9
2
7
7
3
4
5
3
2
5
4
4
8
6
5
3
5
4
4
4
3
3
4
7
1
5
1
5
4
1
8
3
6
5
8
1
464
5
6
5
5
2
4
6
4
3
7
4
8
1
3
4
9
6
4
7
5
10
1
3
8
3
7
4
4
5
1
6
3
4
7
8
4
2
3
3
1
3
4
1
3
4
5
7
5
6
6
3
6
3
6
3
5
2
2
2
453
5
11
3
2
5
5
5
7
3
3
1
3
6
3
4
5
4
2
6
3
3
4
2
2
0
3
5
5
3
3
7
7
9
3
8
7
5
2
5
5
7
7
3
6
3
1
2
5
1
5
9
6
3
4
6
4
3
3
5
416
6
3
3
7
3
3
3
6
6
5
6
5
9
7
4
5
6
3
6
7
4
6
1
4
4
5
3
1
2
1
4
6
3
4
6
0
3
9
3
1
4
4
5
3
3
4
2
1
3
6
0
7
2
3
2
3
8
5
2
404
2
5
2
5
2
4
7
4
3
2
3
5
2
2
2
2
1
2
4
2
3
2
4
7
8
7
3
2
2
7
5
4
5
4
3
5
1
3
4
8
4
6
1
5
1
7
5
4
2
4
4
3
1
6
3
4
6
2
5
358
3
2
5
8
0
2
1
4
3
6
2
1
6
6
5
3
8
5
1
6
1
4
6
3
4
3
8
5
4
4
6
1
4
2
9
3
6
1
6
3
5
3
5
2
4
2
4
3
3
2
3
5
2
3
5
2
1
1
4
319
2
3
1
0
4
3
1
3
3
1
3
6
2
3
3
2
5
3
2
6
3
2
4
8
5
3
2
6
6
2
3
2
5
2
3
3
3
4
2
2
4
3
5
5
1
0
2
2
4
2
5
3
0
2
5
6
0
6
4
299
5
7
2
5
1
1
4
5
2
0
2
5
0
2
2
2
2
2
2
1
4
4
3
5
3
4
3
4
7
4
5
1
5
3
4
5
3
3
7
4
2
5
3
3
1
3
1
1
2
3
1
2
1
5
2
1
2
2
4
270
3
1
4
3
3
4
7
5
1
2
3
3
4
3
4
6
2
1
0
1
1
4
5
7
1
1
6
2
4
1
4
1
1
2
3
0
4
1
5
3
3
3
2
5
4
1
4
1
3
5
4
2
4
6
2
7
3
2
3
284
5
2
3
1
4
2
1
3
4
3
2
3
4
3
2
3
3
4
4
4
2
3
6
2
3
8
1
2
3
2
0
2
3
4
3
3
1
4
2
3
3
2
1
3
3
4
3
5
4
2
2
5
1
1
1
2
4
6
4
247
5
3
4
2
2
2
2
1
3
3
4
3
2
2
5
4
2
1
3
2
1
4
0
2
2
2
3
2
5
6
2
7
2
1
5
3
4
1
1
4
2
1
1
0
2
0
3
2
2
3
3
4
3
3
4
2
3
1
1
237
7
6
3
3
1
5
3
6
3
1
1
2
3
3
3
4
2
3
2
4
4
2
3
4
4
3
5
1
3
2
3
2
3
4
4
3
1
5
2
1
3
4
2
2
1
4
4
5
0
2
3
3
3
3
3
3
1
2
3
221
3
1
2
3
3
3
5
1
2
0
5
3
2
2
1
1
3
2
4
4
2
4
0
3
1
1
1
2
4
3
4
7
3
1
3
2
3
4
1
4
1
3
4
3
4
1
2
1
4
3
2
2
2
5
2
4
4
6
1
181
2
1
3
4
3
0
3
4
3
1
1
2
2
1
0
4
3
2
4
2
3
3
2
1
3
1
2
1
2
3
6
4
2
3
4
2
4
5
5
6
0
3
3
1
0
1
1
3
1
3
0
0
2
2
2
4
1
4
4
187
1
1
1
5
4
1
0
4
5
4
3
2
3
3
2
0
3
5
2
4
3
1
1
2
0
2
6
1
2
0
2
1
1
3
1
2
2
5
3
1
1
0
2
2
3
3
2
1
0
2
0
0
0
0
1
4
3
5
2
174
2
3
5
2
2
5
0
2
4
2
1
3
0
4
1
0
1
2
7
2
1
1
4
2
0
0
1
3
3
0
6
3
0
0
1
6
3
1
1
0
3
1
0
3
2
0
2
1
3
4
2
2
3
2
3
2
2
6
0
176
2
4
0
3
2
2
1
3
3
2
2
3
2
3
0
2
4
1
1
3
2
5
2
3
3
3
3
1
3
1
3
0
2
3
1
0
3
2
4
1
3
3
4
1
1
0
3
3
2
1
3
1
1
0
3
5
2
2
2
188
2
3
5
3
0
1
0
2
1
3
1
3
3
2
2
2
3
3
4
1
1
1
1
5
2
0
6
1
3
2
3
5
2
2
0
3
0
2
3
2
1
2
2
4
0
1
0
4
1
0
3
0
4
3
2
1
0
3
3
138
3
5
4
4
4
2
0
1
1
0
6
0
2
2
3
0
1
1
1
2
1
3
1
2
1
1
2
2
4
2
1
0
2
2
3
1
0
3
2
1
3
3
3
5
0
2
1
0
1
4
2
3
3
1
1
3
1
6
3
158
3
1
2
2
0
2
1
2
2
2
0
1
2
2
5
2
4
2
1
0
0
2
3
2
0
3
2
5
2
2
4
1
0
2
0
3
2
1
2
2
3
0
4
3
3
3
3
2
1
1
2
4
0
2
2
0
1
0
1
130
0
2
0
2
2
1
3
1
4
2
2
3
1
1
3
2
1
3
1
1
1
2
2
1
2
2
1
4
2
2
5
2
0
2
2
1
2
2
3
2
1
1
3
1
3
1
2
1
3
2
0
1
0
2
2
1
0
1
3
137
0
0
1
3
1
5
7
1
0
0
0
2
0
0
1
2
5
3
1
3
0
3
4
0
1
0
2
2
1
1
2
0
1
2
2
4
1
0
0
2
0
1
1
1
2
1
1
3
0
3
2
1
0
2
3
1
1
2
1
129
3
1
0
2
2
1
3
1
0
1
1
3
0
3
0
2
0
2
2
1
1
1
0
0
2
1
3
1
1
1
1
3
1
4
0
3
0
2
1
0
3
1
2
4
1
3
3
0
1
2
1
3
1
3
2
0
0
2
1
123
3
2
4
1
1
0
2
2
2
1
3
0
3
2
2
3
0
4
1
1
1
0
3
2
0
1
2
0
0
1
2
1
5
1
0
3
5
0
3
0
1
2
1
1
4
2
1
0
3
1
2
1
1
0
1
2
5
1
1
100
3
2
2
1
2
1
5
1
1
0
1
1
1
1
0
0
0
1
1
2
3
1
1
4
2
0
1
6
0
3
3
0
0
0
3
0
3
2
3
1
0
0
5
1
3
5
5
0
3
2
0
1
1
1
2
2
3
2
2
90
3
0
3
1
1
1
0
2
0
2
3
1
1
0
0
0
1
0
2
4
0
5
1
2
1
0
1
1
1
0
0
1
0
1
1
3
5
1
0
2
1
0
2
1
0
3
1
0
1
2
1
1
1
2
0
2
2
0
0
92
0
3
0
1
0
1
3
3
2
2
2
2
0
0
3
1
1
0
2
1
4
0
1
0
1
4
0
1
2
2
2
2
5
1
2
3
2
2
3
2
0
1
0
2
1
0
2
2
3
0
0
1
0
2
2
1
1
3
1
111
2
1
3
0
5
0
2
4
0
0
1
0
0
0
1
2
4
0
3
1
3
0
2
5
1
0
1
0
4
0
3
0
1
1
0
5
3
2
2
1
1
0
1
1
1
1
1
1
2
1
1
2
2
2
2
0
3
1
0
100
1
1
1
0
2
1
2
2
1
5
6
1
2
0
2
4
1
0
2
0
0
2
0
0
1
1
0
2
1
1
1
1
1
1
1
1
2
1
0
2
0
1
2
3
0
1
2
0
2
1
2
4
1
4
2
0
2
0
0
99
1
2
0
0
2
0
3
1
0
1
1
2
2
0
0
0
2
0
2
0
3
3
6
0
1
2
3
1
1
2
1
1
2
2
0
0
1
1
1
3
1
0
2
0
0
2
0
3
0
2
4
1
3
0
0
5
1
0
3
83
1
2
1
1
2
0
1
0
3
0
1
0
3
1
2
2
4
4
2
1
2
1
1
0
2
2
0
3
1
1
1
0
1
0
0
0
0
1
1
0
1
0
0
0
2
1
0
3
3
2
2
4
1
2
3
2
1
1
1
95
1
0
4
2
0
0
3
3
0
2
1
0
2
2
2
1
0
0
0
1
3
2
1
3
1
0
2
0
1
2
3
1
1
2
1
0
0
1
1
2
0
0
2
2
0
1
1
2
1
1
0
2
0
2
1
1
1
2
1
75
4
1
0
1
2
1
2
0
1
2
0
1
2
3
3
1
0
0
5
3
0
0
2
1
1
2
1
1
0
1
1
1
0
0
2
1
0
1
4
1
1
1
1
0
0
0
0
0
0
2
0
0
2
0
0
2
0
0
2
72
2
1
5
3
0
1
3
1
0
0
4
1
0
4
1
1
1
0
0
0
0
1
1
0
1
2
1
3
0
1
2
0
1
0
2
0
1
3
0
4
2
0
3
0
0
0
1
2
1
1
0
0
3
3
2
2
0
1
2
66
0
1
2
1
0
2
0
1
3
1
4
1
0
4
0
1
0
2
1
1
1
1
3
0
0
1
1
0
0
0
2
1
0
3
0
3
0
1
0
0
2
3
2
1
3
1
1
0
1
0
0
0
2
3
1
0
1
0
1
77
4
2
1
1
2
1
0
3
0
1
1
3
1
3
2
3
0
0
1
1
1
0
2
0
0
2
1
0
0
2
2
1
2
1
2
2
1
2
1
2
2
0
0
0
0
2
2
3
1
0
1
0
0
1
0
2
1
0
1
60
2
1
0
2
0
0
0
0
1
0
1
1
0
1
2
0
0
1
0
0
4
1
2
0
0
0
1
2
3
1
2
1
2
2
0
3
1
0
2
1
1
2
2
1
1
1
3
1
1
0
2
2
3
3
2
0
0
0
1
62
2
1
0
1
2
1
0
1
5
0
0
0
1
2
0
0
0
2
2
2
3
0
4
0
2
1
0
1
2
1
0
0
0
2
0
1
0
1
2
0
1
1
0
2
1
1
1
1
0
0
0
1
2
1
1
3
2
1
0
64
3
1
3
0
0
3
2
2
1
0
1
0
2
1
0
1
3
1
1
1
1
2
0
2
0
1
0
1
0
1
1
1
2
0
0
0
0
2
2
1
0
3
1
1
2
0
0
2
0
2
0
1
0
1
2
2
1
1
1
38
1
1
2
0
0
0
2
1
1
0
1
0
0
2
0
0
0
3
2
0
0
0
0
1
2
0
0
1
2
0
0
0
0
0
0
3
0
1
0
0
0
0
0
0
0
0
1
1
3
1
1
1
0
2
1
1
1
0
1
60
2
2
1
0
0
0
1
3
1
1
0
2
0
1
1
0
1
0
2
1
1
0
1
2
1
1
1
1
1
0
1
1
1
1
2
1
0
0
0
1
0
0
0
2
0
1
1
0
0
1
1
1
0
1
1
0
1
2
1
56
0
1
1
1
0
1
0
1
2
1
0
0
0
1
3
1
1
0
2
2
1
0
0
1
0
1
0
2
0
1
1
0
1
2
0
1
0
1
0
1
2
0
1
0
1
1
3
2
0
0
0
1
2
1
1
2
0
0
0
50
0
1
2
1
2
0
0
2
0
1
1
2
3
1
1
1
2
0
0
1
0
2
1
1
1
0
1
0
0
1
0
1
2
2
1
1
1
1
1
3
0
0
2
1
1
3
0
0
2
0
1
2
0
0
0
0
1
1
0
54
0
1
0
2
0
1
0
2
0
2
1
3
2
1
2
0
2
1
0
0
0
0
0
1
1
1
0
2
0
0
1
0
0
2
2
1
1
0
1
0
1
0
2
0
2
2
1
0
0
2
2
0
1
1
0
0
1
0
0
53
0
1
2
1
1
0
1
0
1
0
1
2
0
2
0
2
1
1
1
0
0
0
1
1
1
0
0
0
1
1
1
1
0
1
0
2
2
3
0
0
1
0
0
2
0
0
2
0
3
0
1
0
1
1
2
1
0
0
2
48
2
0
1
2
1
0
1
1
1
2
1
2
1
1
0
1
0
1
1
0
0
0
3
1
2
1
1
0
1
1
1
1
1
0
0
0
0
1
1
1
1
1
0
3
1
0
1
2
1
1
2
0
0
0
0
2
1
2
1
39
1
1
2
0
0
4
2
0
0
1
0
0
1
0
1
3
0
0
0
0
1
0
1
3
1
0
1
1
1
0
0
1
0
2
0
1
0
2
0
0
2
1
0
1
1
0
0
0
1
2
2
0
1
1
2
1
0
2
0
43
0
0
0
0
0
0
0
0
0
0
2
0
0
0
2
0
2
0
0
0
1
1
4
1
0
0
2
2
1
0
1
1
2
1
0
1
0
1
0
2
2
0
1
1
1
1
0
0
0
0
1
1
0
4
0
3
2
2
0
46
0
4
2
0
2
1
0
0
0
1
0
0
0
0
1
1
0
3
0
0
0
0
0
2
2
2
0
0
1
1
0
1
1
0
1
0
1
2
1
1
1
1
1
0
0
1
1
0
1
0
1
1
0
0
1
1
1
0
1
32
0
0
1
1
3
0
2
3
1
0
0
0
0
1
3
0
0
1
1
0
2
1
1
0
2
0
0
1
3
0
0
0
1
2
1
2
2
1
0
1
0
0
0
2
1
1
0
3
0
0
2
1
0
0
1
2
0
0
1
35
0
0
1
1
2
1
1
0
2
2
0
0
1
1
1
1
0
1
1
1
0
1
0
0
0
0
0
2
1
3
1
0
0
2
1
3
1
2
0
0
0
0
0
0
0
0
0
2
0
2
0
2
0
2
0
0
0
1
0
44
0
0
1
1
0
2
0
0
0
0
0
1
0
0
0
2
1
0
3
0
0
2
0
0
0
2
4
0
0
2
1
2
1
0
0
1
2
1
0
1
0
0
1
1
0
3
0
1
1
1
1
2
1
2
1
1
0
1
0
28
0
1
0
0
1
0
0
2
2
0
0
1
2
2
1
4
0
2
0
0
0
0
1
1
0
1
0
0
0
2
1
0
1
1
0
1
0
0
1
1
1
1
6
0
2
1
0
0
0
1
2
1
0
0
0
0
0
0
1
34
0
2
1
2
0
0
0
0
2
2
0
0
2
1
1
0
0
1
0
0
1
1
1
0
2
1
1
2
1
0
0
1
1
0
0
0
0
1
1
0
1
1
1
0
1
0
0
1
0
1
1
2
1
2
2
1
1
0
0
40
0
0
0
0
0
1
1
0
4
0
1
0
2
0
2
3
2
0
2
0
0
2
0
0
0
0
1
0
1
0
0
0
0
0
1
1
1
0
0
0
0
1
2
0
0
0
1
0
2
0
2
1
0
0
0
2
0
0
0
29
0
0
0
0
0
1
0
1
0
0
1
1
2
0
0
4
0
0
0
1
1
1
1
0
1
1
0
0
3
1
0
1
1
0
0
0
3
0
1
0
1
0
2
0
1
2
1
1
0
1
1
1
0
0
0
0
0
0
2
21
1
1
0
1
0
0
0
1
1
0
0
0
0
0
1
0
3
1
1
1
0
0
1
0
0
0
0
1
0
0
1
0
2
0
2
0
1
0
1
0
0
0
1
1
1
1
1
2
0
0
2
1
0
0
2
0
0
0
0
26
0
1
1
0
0
1
0
0
0
0
0
0
1
0
0
0
1
0
0
0
1
0
0
0
1
0
1
2
1
1
0
0
1
2
0
1
0
0
1
0
0
0
0
0
1
3
1
0
0
0
0
0
1
0
0
0
0
1
0
22
2
1
2
2
1
1
0
1
0
1
0
1
2
1
0
0
0
0
0
0
0
0
0
1
0
3
0
0
1
1
1
0
0
1
0
0
1
0
0
1
0
2
0
1
0
0
0
0
0
0
0
0
1
0
0
0
0
1
0
25
0
0
1
1
0
1
0
0
1
0
0
1
2
0
0
0
0
0
1
0
1
1
1
0
1
0
0
2
0
0
1
0
0
1
1
1
0
1
1
0
0
0
0
1
1
0
0
1
2
3
0
0
0
0
0
0
0
0
1
29
1
2
1
1
0
0
1
0
0
1
0
0
1
1
0
0
0
2
0
2
0
0
1
0
0
0
0
0
1
1
1
2
1
1
0
1
0
0
0
0
2
1
1
0
1
0
0
1
0
0
0
1
1
0
1
0
0
1
2
23
0
0
1
0
0
0
0
0
0
0
0
0
1
0
1
1
0
0
0
0
0
0
2
4
0
1
2
0
0
0
1
1
1
1
0
1
0
0
0
0
0
0
1
0
0
0
1
0
0
0
0
1
0
0
1
0
1
0
1
17
0
1
2
1
2
1
3
1
0
1
1
1
0
0
1
3
0
0
1
0
1
0
1
1
2
1
0
1
0
1
0
2
0
1
0
0
1
2
0
1
0
0
1
1
0
1
0
1
0
0
0
1
0
2
1
1
1
0
0
29
0
0
0
1
1
2
0
1
0
0
0
1
0
1
1
0
0
0
1
0
1
1
0
0
0
1
0
0
2
0
0
0
0
0
1
2
0
1
1
0
0
0
0
0
0
0
0
0
0
0
0
0
0
0
0
0
0
0
0
17
0
0
0
0
0
0
0
0
0
0
0
0
0
0
0
0
0
0
0
0
0
0
0
0
0
0
0
0
0
0
0
0
0
0
0
0
0
0
0
0
0
0
0
0
0
0
0
0
0
0
0
0
1
0
0
0
0
0
0
26
0
0
0
0
0
0
0
0
0
0
0
0
0
0
0
0
0
0
0
0
0
0
0
0
0
0
0
0
0
0
0
0
0
0
0
0
0
0
0
0
0
0
0
0
0
0
0
0
0
0
0
0
0
0
0
0
0
0
0
25
0
0
0
0
0
0
0
0
0
0
0
0
0
0
0
0
0
0
0
0
0
0
0
0
0
0
0
0
0
0
0
0
0
0
0
0
0
0
0
1
0
0
0
0
0
0
0
0
0
0
0
0
0
0
0
0
0
0
0
23
0
0
0
0
0
0
0
0
0
0
0
0
0
0
0
0
0
0
0
0
0
0
0
0
0
0
0
0
0
0
0
0
0
0
0
0
0
0
0
0
0
0
0
0
0
0
0
0
0
0
0
0
0
0
0
0
0
0
0
22
0
0
0
0
0
0
0
0
0
0
0
0
0
0
0
0
0
0
0
0
0
0
0
0
0
0
0
0
0
0
0
0
0
0
0
0
0
0
0
0
0
0
0
0
0
0
0
0
0
0
0
0
0
0
0
0
0
0
0
18
0
0
0
0
0
0
0
0
1
0
0
0
0
0
0
0
0
0
0
0
0
0
0
0
0
0
0
0
0
0
0
0
0
0
0
0
0
0
0
0
0
0
1
0
0
0
0
0
0
0
0
0
0
0
0
0
0
0
0
16
0
0
0
0
0
0
0
0
0
0
0
0
0
0
0
0
0
0
0
0
0
0
0
0
0
0
0
0
0
0
0
0
0
0
0
0
0
0
0
0
0
0
0
0
0
1
0
0
0
0
0
0
0
0
0
0
0
0
0
13
0
0
0
0
0
0
0
0
0
0
0
0
0
0
0
0
0
0
0
0
0
0
0
0
0
0
0
0
0
0
0
0
0
0
0
0
0
0
0
0
0
0
0
0
0
0
0
0
0
0
0
0
0
0
1
0
0
0
0
18
0
0
0
0
0
0
0
0
0
0
0
0
0
0
0
0
0
0
0
0
0
0
0
0
0
0
0
0
0
0
0
0
0
0
0
0
0
0
0
0
0
0
0
0
0
0
0
1
0
0
0
0
0
0
0
0
0
0
0
17
0
0
0
0
0
0
0
0
0
0
0
0
0
0
1
0
0
0
0
0
0
0
0
0
0
0
0
0
0
0
0
0
0
0
0
0
0
0
0
0
0
0
0
0
0
0
0
0
0
0
0
0
0
0
0
0
0
0
0
15
0
0
0
0
0
0
0
0
0
0
0
0
0
0
0
0
0
0
0
0
0
1
0
0
0
0
0
0
0
0
0
0
0
0
0
0
0
0
0
0
0
0
0
0
0
0
0
0
0
0
0
0
0
0
0
0
0
0
0
17
0
0
0
0
0
0
0
0
0
0
0
1
0
0
0
0
0
0
0
0
0
0
0
0
0
0
0
0
0
0
0
0
0
0
0
0
0
0
0
0
0
0
0
0
0
0
0
0
0
0
0
0
1
0
0
0
0
0
0
13
0
0
0
0
0
0
0
0
0
0
0
0
0
0
0
0
0
0
0
0
0
0
0
0
0
0
0
0
0
0
0
0
0
0
0
0
0
0
0
0
0
0
0
0
0
0
1
0
0
0
0
0
0
0
0
0
0
0
0
20
0
0
0
0
0
0
0
0
0
0
0
0
0
0
0
0
0
0
0
0
0
0
0
0
0
0
0
0
0
0
0
0
0
0
0
0
0
0
0
0
0
0
0
0
0
0
0
0
0
0
0
0
0
0
0
0
0
0
0
1
0
0
0
0
0
0
0
0
0
0
0
0
0
0
0
0
0
0
0
0
0
0
0
0
0
0
0
0
0
0
0
0
0
0
0
0
0
0
0
0
0
0
0
0
0
0
0
0
0
0
0
0
0
0
0
0
0
0
0
0
0
0
0
0
0
0
0
0
0
0
0
0
0
0
0
0
0
0
0
0
0
0
0
0
0
0
0
0
0
0
0
0
0
0
0
0
0
0
0
0
0
0
0
0
0
0
0
0
0
0
0
0
0
0
0
0
0
0
0
1
0
0
0
0
0
0
0
0
0
0
0
0
0
0
0
0
0
0
0
0
0
0
0
0
0
0
0
0
0
0
0
0
0
0
0
0
0
0
0
0
0
0
0
0
0
0
0
0
0
0
0
0
0
0
0
0
0
0
0
0
0
0
0
0
0
0
0
0
0
0
0
0
0
0
0
0
0
0
0
0
0
0
0
0
0
0
0
0
0
0
0
0
0
0
0
0
0
0
0
0
0
0
0
0
0
0
0
0
0
0
0
0
0
0
0
0
0
0
0
1
0
0
0
0
0
0
0
0
0
0
0
0
0
0
0
0
0
0
0
0
0
0
0
0
0
0
0
0
0
0
0
0
0
0
0
0
0
0
0
0
0
0
0
0
0
0
0
0
0
0
0
0
0
0
0
0
0
0
0
1
0
0
0
0
0
0
0
0
0
0
0
0
0
0
0
0
0
0
0
0
0
0
0
0
0
0
0
0
0
0
0
0
0
0
0
0
0
0
0
0
0
0
0
0
0
0
0
0
0
0
0
0
0
0
0
0
0
0
0
2
0
0
0
0
0
0
0
0
0
0
0
0
0
0
0
0
0
0
0
0
0
0
0
0
0
0
0
0
0
0
0
0
0
0
0
0
0
0
0
0
0
0
0
0
0
0
0
0
0
0
0
0
0
0
0
0
0
0
0
0
0
0
0
0
0
0
0
0
0
0
0
0
0
0
0
0
0
0
0
0
0
0
0
0
0
0
0
0
0
0
0
0
0
0
0
0
0
0
0
0
0
0
0
0
0
0
0
0
0
0
0
0
0
0
0
0
0
0
0
3
0
0
0
0
0
0
0
0
0
0
0
0
0
0
0
0
0
0
0
0
0
0
0
0
0
0
0
0
0
0
0
0
0
0
0
0
0
0
0
0
0
0
0
0
0
0
0
0
0
0
0
0
0
0
0
0
0
0
0
0
0
0
0
0
0
0
0
0
0
0
0
0
0
0
0
0
0
0
0
0
0
0
0
0
0
0
0
0
0
0
0
0
0
0
0
0
0
0
0
0
0
0
0
0
0
0
0
0
0
0
0
0
0
0
0
0
0
0
0
0
0
0
0
0
0
0
0
0
0
0
0
0
0
0
0
0
0
0
0
0
0
0
0
0
0
0
0
0
0
0
0
0
0
0
0
0
0
0
0
0
0
0
0
0
0
0
0
0
0
0
0
0
0
0
0
0
0
0
0
1
0
0
0
0
0
0
0
0
0
0
0
0
0
0
0
0
0
0
0
0
0
0
0
0
0
0
0
0
0
0
0
0
0
0
0
0
0
0
0
0
0
0
0
0
0
0
0
0
0
0
0
0
0
0
0
0
0
0
0
1
0
0
0
0
0
0
0
0
0
0
0
0
0
0
0
0
0
0
0
0
0
0
0
0
0
0
0
0
0
0
0
0
0
0
0
0
0
0
0
0
0
0
0
0
0
0
0
0
0
0
0
0
0
0
0
0
0
0
0
1
0
0
0
0
0
0
0
0
0
0
0
0
0
0
0
0
0
0
0
0
0
0
0
0
0
0
0
0
0
0
0
0
0
0
0
0
0
0
0
0
0
0
0
0
0
0
0
0
0
0
0
0
0
0
0
0
0
0
0
0
0
0
0
0
0
0
0
0
0
0
0
0
0
0
0
0
0
0
0
0
0
0
0
0
0
0
0
0
0
0
0
0
0
0
0
0
0
0
0
0
0
0
0
0
0
0
0
0
0
0
0
0
0
0
0
0
0
0
0
4
0
0
0
0
0
0
0
0
0
0
0
0
0
0
0
0
0
0
0
0
0
0
0
0
0
0
0
0
0
0
0
0
0
0
0
0
0
0
0
0
0
0
0
0
0
0
0
0
0
0
0
0
0
0
0
0
0
0
0
1
0
0
0
0
0
0
0
0
0
0
0
0
0
0
0
0
0
0
0
0
0
0
0
0
0
0
0
0
0
0
0
0
0
0
0
0
0
0
0
0
0
0
0
0
0
0
0
0
0
0
0
0
0
0
0
0
0
0
0
0
0
0
0
0
0
0
0
0
0
0
0
0
0
0
0
0
0
0
0
0
0
0
0
0
0
0
0
0
0
0
0
0
0
0
0
0
0
0
0
0
0
0
0
0
0
0
0
0
0
0
0
0
0
0
0
0
0
0
0
0
0
0
0
0
0
0
0
0
0
0
0
0
0
0
0
0
0
0
0
0
0
0
0
0
0
0
0
0
0
0
0
0
0
0
0
0
0
0
0
0
0
0
0
0
0
0
0
0
0
0
0
0
0
0
0
0
0
0
0
0
0
0
0
0
0
0
0
0
0
0
0
0
0
0
0
0
0
0
0
0
0
0
0
0
0
0
0
0
0
0
0
0
0
0
0
0
0
0
0
0
0
0
0
0
0
0
0
0
0
0
0
0
0
0
0
0
0
0
0
1
0
0
0
0
0
0
0
0
0
0
0
0
0
0
0
0
0
0
0
0
0
0
0
0
0
0
0
0
0
0
0
0
0
0
0
0
0
0
0
0
0
0
0
0
0
0
0
0
0
0
0
0
0
0
0
0
0
0
0
1
0
0
0
0
0
0
0
0
0
0
0
0
0
0
0
0
0
0
0
0
0
0
0
0
0
0
0
0
0
0
0
0
0
0
0
0
0
0
0
0
0
0
0
0
0
0
0
0
0
0
0
0
0
0
0
0
0
0
0
1
0
0
0
0
0
0
0
0
0
0
0
0
0
0
0
0
0
0
0
0
0
0
0
0
0
0
0
0
0
0
0
0
0
0
0
0
0
0
0
0
0
0
0
0
0
0
0
0
0
0
0
0
0
0
0
0
0
0
0
1
0
0
0
0
0
0
0
0
0
0
0
0
0
0
0
0
0
0
0
0
0
0
0
0
0
0
0
0
0
0
0
0
0
0
0
0
0
0
0
0
0
0
0
0
0
0
0
0
0
0
0
0
0
0
0
0
0
0
0
0
0
0
0
0
0
0
0
0
0
0
0
0
0
0
0
0
0
0
0
0
0
0
0
0
0
0
0
0
0
0
0
0
0
0
0
0
0
0
0
0
0
0
0
0
0
0
0
0
0
0
0
0
0
0
0
0
0
0
0
0
0
0
0
0
0
0
0
0
0
0
0
0
0
0
0
0
0
0
0
0
0
0
0
0
0
0
0
0
0
0
0
0
0
0
0
0
0
0
0
0
0
0
0
0
0
0
0
0
0
0
0
0
0
0
0
0
0
0
0
1
0
0
0
0
0
0
0
0
0
0
0
0
0
0
0
0
0
0
0
0
0
0
0
0
0
0
0
0
0
0
0
0
0
0
0
0
0
0
0
0
0
0
0
0
0
0
0
0
0
0
0
0
0
0
0
0
0
0
0
0
0
0
0
0
0
0
0
0
0
0
0
0
0
0
0
0
0
0
0
0
0
0
0
0
0
0
0
0
0
0
0
0
0
0
0
0
0
0
0
0
0
0
0
0
0
0
0
0
0
0
0
0
0
0
0
0
0
0
0
1
0
0
0
0
0
0
0
0
0
0
0
0
0
0
0
0
0
0
0
0
0
0
0
0
0
0
0
0
0
0
0
0
0
0
0
0
0
0
0
0
0
0
0
0
0
0
0
0
0
0
0
0
0
0
0
0
0
0
0
0
0
0
0
0
0
0
0
0
0
0
0
0
0
0
0
0
0
0
0
0
0
0
0
0
0
0
0
0
0
0
0
0
0
0
0
0
0
0
0
0
0
0
0
0
0
0
0
0
0
0
0
0
0
0
0
0
0
0
0
0
0
0
0
0
0
0
0
0
0
0
0
0
0
0
0
0
0
0
0
0
0
0
0
0
0
0
0
0
0
0
0
0
0
0
0
0
0
0
0
0
0
0
0
0
0
0
0
0
0
0
0
0
0
0
0
0
0
0
0
0
0
0
0
0
0
0
0
0
0
0
0
0
0
0
0
0
0
0
0
0
0
0
0
0
0
0
0
0
0
0
0
0
0
0
0
0
0
0
0
0
0
0
0
0
0
0
0
0
0
0
0
0
0
0
0
0
0
0
0
2
0
0
0
0
0
0
0
0
0
0
0
0
0
0
0
0
0
0
0
0
0
0
0
0
0
0
0
0
0
0
0
0
0
0
0
0
0
0
0
0
0
0
0
0
0
0
0
0
0
0
0
0
0
0
0
0
0
0
0
1
0
0
0
0
0
0
0
0
0
0
0
0
0
0
0
0
0
0
0
0
0
0
0
0
0
0
0
0
0
0
0
0
0
0
0
0
0
0
0
0
0
0
0
0
0
0
0
0
0
0
0
0
0
0
0
0
0
0
0
0
0
0
0
0
0
0
0
0
0
0
0
0
0
0
0
0
0
0
0
0
0
0
0
0
0
0
0
0
0
0
0
0
0
0
0
0
0
0
0
0
0
0
0
0
0
0
0
0
0
0
0
0
0
0
0
0
0
0
0
1
0
0
0
0
0
0
0
0
0
0
0
0
0
0
0
0
0
0
0
0
0
0
0
0
0
0
0
0
0
0
0
0
0
0
0
0
0
0
0
0
0
0
0
0
0
0
0
0
0
0
0
0
0
0
0
0
0
0
0
0
0
0
0
0
0
0
0
0
0
0
0
0
0
0
0
0
0
0
0
0
0
0
0
0
0
0
0
0
0
0
0
0
0
0
0
0
0
0
0
0
0
0
0
0
0
0
0
0
0
0
0
0
0
0
0
0
0
0
0
2
0
0
0
0
0
0
0
0
0
0
0
0
0
0
0
0
0
0
0
0
0
0
0
0
0
0
0
0
0
0
0
0
0
0
0
0
0
0
0
0
0
0
0
0
0
0
0
0
0
0
0
0
0
0
0
0
0
0
0
0
0
0
0
0
0
0
0
0
0
0
0
0
0
0
0
0
0
0
0
0
0
0
0
0
0
0
0
0
0
0
0
0
0
0
0
0
0
0
0
0
0
0
0
0
0
0
0
0
0
0
0
0
0
0
0
0
0
0
0
0
0
0
0
0
0
0
0
0
0
0
0
0
0
0
0
0
0
0
0
0
0
0
0
0
0
0
0
0
0
0
0
0
0
0
0
0
0
0
0
0
0
0
0
0
0
0
0
0
0
0
0
0
0
0
0
0
0
0
0
1
0
0
0
0
0
0
0
0
0
0
0
0
0
0
0
0
0
0
0
0
0
0
0
0
0
0
0
0
0
0
0
0
0
0
0
0
0
0
0
0
0
0
0
0
0
0
0
0
0
0
0
0
0
0
0
0
0
0
0
1
0
0
0
0
0
0
0
0
0
0
0
0
0
0
0
0
0
0
0
0
0
0
0
0
0
0
0
0
0
0
0
0
0
0
0
0
0
0
0
0
0
0
0
0
0
0
0
0
0
0
0
0
0
0
0
0
0
0
0
1
0
0
0
0
0
0
0
0
0
0
0
0
0
0
0
0
0
0
0
0
0
0
0
0
0
0
0
0
0
0
0
0
0
0
0
0
0
0
0
0
0
0
0
0
0
0
0
0
0
0
0
0
0
0
0
0
0
0
0
0
0
0
0
0
0
0
0
0
0
0
0
0
0
0
0
0
0
0
0
0
0
0
0
0
0
0
0
0
0
0
0
0
0
0
0
0
0
0
0
0
0
0
0
0
0
0
0
0
0
0
0
0
0
0
0
0
0
0
0
1
0
0
0
0
0
0
0
0
0
0
0
0
0
0
0
0
0
0
0
0
0
0
0
0
0
0
0
0
0
0
0
0
0
0
0
0
0
0
0
0
0
0
0
0
0
0
0
0
0
0
0
0
0
0
0
0
0
0
0
0
0
0
0
0
0
0
0
0
0
0
0
0
0
0
0
0
0
0
0
0
0
0
0
0
0
0
0
0
0
0
0
0
0
0
0
0
0
0
0
0
0
0
0
0
0
0
0
0
0
0
0
0
0
0
0
0
0
0
0
0
0
0
0
0
0
0
0
0
0
0
0
0
0
0
0
0
0
0
0
0
0
0
0
0
0
0
0
0
0
0
0
0
0
0
0
0
0
0
0
0
0
0
0
0
0
0
0
0
0
0
0
0
0
0
0
0
0
0
0
0
0
0
0
0
0
0
0
0
0
0
0
0
0
0
0
0
0
0
0
0
0
0
0
0
0
0
0
0
0
0
0
0
0
0
0
0
0
0
0
0
0
0
0
0
0
0
0
0
0
0
0
0
0
0
0
0
0
0
0
0
0
0
0
0
0
0
0
0
0
0
0
0
0
0
0
0
0
0
0
0
0
0
0
0
0
0
0
0
0
0
0
0
0
0
0
0
0
0
0
0
0
0
0
0
0
0
0
0
0
0
0
0
0
0
0
0
0
0
0
1
0
0
0
0
0
0
0
0
0
0
0
0
0
0
0
0
0
0
0
0
0
0
0
0
0
0
0
0
0
0
0
0
0
0
0
0
0
0
0
0
0
0
0
0
0
0
0
0
0
0
0
0
0
0
0
0
0
0
0
0
0
0
0
0
0
0
0
0
0
0
0
0
0
0
0
0
0
0
0
0
0
0
0
0
0
0
0
0
0
0
0
0
0
0
0
0
0
0
0
0
0
0
0
0
0
0
0
0
0
0
0
0
0
0
0
0
0
0
0
0
0
0
0
0
0
0
0
0
0
0
0
0
0
0
0
0
0
0
0
0
0
0
0
0
0
0
0
0
0
0
0
0
0
0
0
0
0
0
0
0
0
0
0
0
0
0
0
0
0
0
0
0
0
0
0
0
0
0
0
0
0
0
0
0
0
0
0
0
0
0
0
0
0
0
0
0
0
0
0
0
0
0
0
0
0
0
0
0
0
0
0
0
0
0
0
0
0
0
0
0
0
0
0
0
0
0
0
0
0
0
0
0
0
0
0
0
0
0
0
0
0
0
0
0
0
0
0
0
0
0
0
0
0
0
0
0
0
0
0
0
0
0
0
0
0
0
0
0
0
0
0
0
0
0
0
0
0
0
0
0
0
0
0
0
0
0
0
0
0
0
0
0
0
0
0
0
0
0
0
0
0
0
0
0
0
0
0
0
0
0
0
0
0
0
0
0
0
0
0
0
0
0
0
0
0
0
0
0
0
0
0
0
0
0
0
0
0
0
0
0
0
0
0
0
0
0
0
0
0
0
0
0
0
0
0
0
0
0
0
0
0
0
0
0
0
0
0
0
0
0
0
0
0
0
0
0
0
0
0
0
0
0
0
0
0
0
0
0
0
0
0
0
0
0
0
0
0
0
0
0
0
0
0
0
0
0
0
0
0
0
0
0
0
0
0
0
0
0
0
1
0
0
0
0
0
0
0
0
0
0
0
0
0
0
0
0
0
0
0
0
0
0
0
0
0
0
0
0
0
0
0
0
0
0
0
0
0
0
0
0
0
0
0
0
0
0
0
0
0
0
0
0
0
0
0
0
0
0
0
0
0
0
0
0
0
0
0
0
0
0
0
0
0
0
0
0
0
0
0
0
0
0
0
0
0
0
0
0
0
0
0
0
0
0
0
0
0
0
0
0
0
0
0
0
0
0
0
0
0
0
0
0
0
0
0
0
0
0
0
0
0
0
0
0
0
0
0
0
0
0
0
0
0
0
0
0
0
0
0
0
0
0
0
0
0
0
0
0
0
0
0
0
0
0
0
0
0
0
0
0
0
0
0
0
0
0
0
0
0
0
0
0
0
0
0
0
0
0
0
0
0
0
0
0
0
0
0
0
0
0
0
0
0
0
0
0
0
0
0
0
0
0
0
0
0
0
0
0
0
0
0
0
0
0
0
0
0
0
0
0
0
0
0
0
0
0
0
0
0
0
0
0
0
0
0
0
0
0
0
1
0
0
0
0
0
0
0
0
0
0
0
0
0
0
0
0
0
0
0
0
0
0
0
0
0
0
0
0
0
0
0
0
0
0
0
0
0
0
0
0
0
0
0
0
0
0
0
0
0
0
0
0
0
0
0
0
0
0
0
0
0
0
0
0
0
0
0
0
0
0
0
0
0
0
0
0
0
0
0
0
0
0
0
0
0
0
0
0
0
0
0
0
0
0
0
0
0
0
0
0
0
0
0
0
0
0
0
0
0
0
0
0
0
0
0
0
0
0
0
0
0
0
0
0
0
0
0
0
0
0
0
0
0
0
0
0
0
0
0
0
0
0
0
0
0
0
0
0
0
0
0
0
0
0
0
0
0
0
0
0
0
0
0
0
0
0
0
0
0
0
0
0
0
0
0
0
0
0
0
0
0
0
0
0
0
0
0
0
0
0
0
0
0
0
0
0
0
0
0
0
0
0
0
0
0
0
0
0
0
0
0
0
0
0
0
0
0
0
0
0
0
0
0
0
0
0
0
0
0
0
0
0
0
0
0
0
0
0
0
0
0
0
0
0
0
0
0
0
0
0
0
0
0
0
0
0
0
0
0
0
0
0
0
0
0
0
0
0
0
0
0
0
0
0
0
0
0
0
0
0
0
0
0
0
0
0
0
0
0
0
0
0
0
0
0
0
0
0
0
0
0
0
0
0
0
0
0
0
0
0
0
0
0
0
0
0
0
0
0
0
0
0
0
0
0
0
0
0
0
0
0
0
0
0
0
0
0
0
0
0
0
0
0
0
0
0
0
0
0
0
0
0
0
0
0
0
0
0
0
0
0
0
0
0
0
0
0
0
0
0
0
0
0
0
0
0
0
0
0
0
0
0
0
0
0
0
0
0
0
0
0
0
0
0
0
0
0
0
0
0
0
0
0
0
0
0
0
0
0
0
0
0
0
0
0
0
0
0
0
2
0
0
0
0
0
0
0
0
0
0
0
0
0
0
0
0
0
0
0
0
0
0
0
0
0
0
0
0
0
0
0
0
0
0
0
0
0
0
0
0
0
0
0
0
0
0
0
0
0
0
0
0
0
0
0
0
0
0
0
0
0
0
0
0
0
0
0
0
0
0
0
0
0
0
0
0
0
0
0
0
0
0
0
0
0
0
0
0
0
0
0
0
0
0
0
0
0
0
0
0
0
0
0
0
0
0
0
0
0
0
0
0
0
0
0
0
0
0
0
