3.03228000e+00
5.04469834e+04
4.86513227e-02
-1.22019003e-02
4.88759780e-04
-7.35637419e+01
4.03331542e+01
-7.35576409e+01
4.03329098e+01
-7.35698428e+01
4.03333985e+01
1.30380400e+01
3.10345899e+09
8.62068456e+00
8.61756494e+00
3.11962301e-03
5.46152068e+03
1.67449844e+03
5.45846838e+03
1.67447887e+03
5.46888176e+03
1.67451958e+03
6.26143200e+01
2.07044226e+14
5.64788673e+03
-5.64769170e+03
-5.73700860e-03
-4.04382007e+05
6.59520421e+04
-4.03098435e+05
6.59511057e+04
-4.10857637e+05
6.59531724e+04
3.20221480e+02
1.45168553e+19
3.70531263e+06
3.70531235e+06
1.14964873e-01
3.03686502e+07
2.85663893e+06
2.98476282e+07
2.85657945e+06
3.55268002e+07
2.85671480e+06
1.70403288e+03
1.05277213e+24
2.43093475e+09
-2.43093470e+09
-5.03262865e-01
-2.41673557e+09
1.03906150e+08
-2.20683857e+09
1.03904841e+08
-6.35422717e+09
1.03908592e+08
9.31747444e+03
7.82144636e+28
1.59485776e+12
1.59485776e+12
6.70745909e+00
2.47717925e+11
5.15925930e+09
1.63298819e+11
5.15909177e+09
3.19121242e+12
5.15950070e+09
5.19542023e+04
5.91679766e+33
1.04633467e+15
-1.04633467e+15
-3.77773812e+01
-4.60191540e+13
1.41819729e+11
-1.20781943e+13
1.41823238e+11
-2.22261602e+15
1.41820425e+11
2.93968977e+05
4.53922001e+38
6.86466388e+17
6.86466386e+17
4.07100445e+02
1.45386394e+16
1.08409180e+13
8.93568487e+14
1.08402442e+13
1.61469748e+18
1.08418514e+13
1.68214580e+06
3.52177835e+43
4.50368428e+20
-4.50368427e+20
-2.65573817e+03
-5.55165883e+18
6.73514415e+13
-6.60990242e+16
6.73968563e+13
-1.17822369e+21
6.73185254e+13
