225537
225394
221238
229251
225289
225311
225320
225355
225445
225626
225934
226348
226810
227301
227609
227807
227918
227976
228032
228048
228077
228073
228090
227304
226258
226843
226897
226948
226998
227074
227090
227072
226782
226897
228812
232632
237437
241547
244612
247664
249740
250870
251544
251964
252173
252306
252347
252082
251436
252173
252366
252524
252668
252767
252852
252808
252678
252630
253521
255296
257777
259635
261187
262909
263927
264392
264587
264686
264714
264713
264658
264479
264087
264766
264727
264629
264548
264511
264490
264416
264230
263766
263135
262971
263471
264011
264266
264907
265224
265340
265366
265338
265294
265233
265124
264967
264426
263773
263728
263637
263589
263565
263463
263173
262246
260713
258583
256055
253894
252762
251742
251237
250985
250821
250696
250579
250464
250420
250351
249986
249607
249670
249210
248769
248494
248336
248052
247449
246453
244169
240315
235988
232729
230628
228969
228155
227860
227653
227518
227432
227369
227327
227259
227097
226342
226680
226635
226596
226594
226586
226624
226630
226631
226615
226627
226652
226623
226657
226616
226565
226546
226519
226500
226478
226422
226380
226356
226256
