43101007
29814058
19900615
15129805
12574755
13535332
18539339
27603500
39052022
54352925
72786533
89771382
102631145
109650683
111614827
111300134
109417072
104558643
97013469
87695278
76990536
65367934
52865029
40759241
28117843
17097228
11176059
9541904
13022999
27122634
56997647
92879806
109969910
104078778
95264648
95819829
101453306
106567093
112583800
124280625
136068227
139456968
128027941
102902825
82038967
67125927
53893766
40832549
28504165
18098263
12127207
10612829
14185741
29590240
63807939
105938340
126062984
117509501
104615567
102147025
106604192
111140682
117550796
131023676
145006311
149610783
138096344
111678477
89553386
73897388
60264813
45866164
31931254
20135925
13358847
11403509
14681152
30017587
64847768
108588432
129986345
121578629
107830177
104960676
109078693
113165030
119371979
132648567
146177462
150571627
139267622
113227772
91369197
76203017
62422662
47812768
33495601
21084947
14072749
11945760
15132520
30162820
64128908
106799354
127761479
119881378
107304655
104984516
108842476
112692309
118368859
130709018
143212175
147146078
136641001
112924547
92751596
77935587
64236114
49775464
35394332
22855185
15470312
12919999
15500712
29187517
60057488
98930522
118812551
112757838
103487458
103826410
109304451
114002685
120015052
130647639
139554762
140529994
129931910
109182341
89765378
75744584
65247679
53970285
40601648
27568094
18892512
14535592
13719414
17703475
28353278
45101621
62902501
79491195
93384943
104857635
112318499
114477073
113836873
113562810
112431310
108447954
101855294
91838077
79292634
69884039
63271594
54912370
